date,symbol,yahoo_symbol,market,adj_open,adj_high,adj_low,adj_close,volume,adjustment_factor
2000-01-04,1903,1903.TW,上市,51.851852,52.777779,50.925926,52.777779,906292,1.0
2000-01-05,1903,1903.TW,上市,52.777779,55.555553,52.314816,54.166664,1231050,1.0
2000-01-06,1903,1903.TW,上市,55.09259,55.09259,51.851852,51.851852,1020600,1.0
2000-01-07,1903,1903.TW,上市,50.925926,53.240742,50.925926,51.388889,899128,1.0
2000-01-10,1903,1903.TW,上市,52.777779,52.777779,51.388889,52.314816,633351,1.0
2000-01-11,1903,1903.TW,上市,52.314816,52.777779,50.0,50.0,634522,1.0
2000-01-12,1903,1903.TW,上市,49.537037,51.388889,49.074074,49.537037,454339,1.0
2000-01-13,1903,1903.TW,上市,50.925926,52.777779,50.0,51.388889,1240212,1.0
2000-01-14,1903,1903.TW,上市,51.851852,52.777779,51.388889,52.777779,587640,1.0
2000-01-17,1903,1903.TW,上市,53.240742,53.240742,51.851852,52.314816,556372,1.0
2000-01-18,1903,1903.TW,上市,52.777779,53.703705,52.314816,52.777779,578709,1.0
2000-01-19,1903,1903.TW,上市,53.703705,55.555553,53.240742,53.703705,1007061,1.0
2000-01-20,1903,1903.TW,上市,54.629627,54.629627,51.388889,52.314816,598161,1.0
2000-01-21,1903,1903.TW,上市,51.388889,52.777779,51.388889,51.851852,392411,1.0
2000-01-24,1903,1903.TW,上市,51.851852,52.777779,51.388889,52.314816,452437,1.0
2000-01-25,1903,1903.TW,上市,52.314816,54.629627,52.314816,54.166664,1332262,1.0
2000-01-26,1903,1903.TW,上市,55.09259,55.09259,53.240742,53.703705,1328529,1.0
2000-01-27,1903,1903.TW,上市,54.629627,55.09259,53.240742,54.629627,1195354,1.0
2000-01-28,1903,1903.TW,上市,55.555553,56.944443,54.629627,54.629627,1527809,1.0
2000-01-31,1903,1903.TW,上市,53.703705,55.09259,53.240742,53.240742,802483,1.0
2000-02-01,1903,1903.TW,上市,53.703705,55.09259,53.240742,54.166664,609041,1.0
2000-02-02,1903,1903.TW,上市,50.154324,50.154324,50.154324,50.154324,0,1.0
2000-02-03,1903,1903.TW,上市,50.154324,50.154324,50.154324,50.154324,0,1.0
2000-02-04,1903,1903.TW,上市,50.154324,50.154324,50.154324,50.154324,0,1.0
2000-02-07,1903,1903.TW,上市,50.154324,50.154324,50.154324,50.154324,0,1.0
2000-02-08,1903,1903.TW,上市,50.154324,50.154324,50.154324,50.154324,0,1.0
2000-02-09,1903,1903.TW,上市,54.629627,55.09259,53.240742,54.166664,543542,1.0
2000-02-10,1903,1903.TW,上市,54.166664,56.944443,54.166664,56.018517,1539744,1.0
2000-02-11,1903,1903.TW,上市,56.48148,56.48148,54.629627,54.629627,789652,1.0
2000-02-14,1903,1903.TW,上市,55.09259,55.555553,54.166664,54.166664,700023,1.0
2000-02-15,1903,1903.TW,上市,54.629627,54.629627,51.851852,51.851852,750241,1.0
2000-02-16,1903,1903.TW,上市,52.314816,54.629627,52.314816,53.703705,952102,1.0
2000-02-17,1903,1903.TW,上市,54.629627,57.407406,54.629627,57.407406,1286893,1.0
2000-02-18,1903,1903.TW,上市,61.111111,61.111111,56.48148,57.870369,3352602,1.0
2000-02-21,1903,1903.TW,上市,58.333332,59.722221,56.48148,56.944443,1489492,1.0
2000-02-22,1903,1903.TW,上市,57.870369,57.870369,53.240742,53.703705,1266161,1.0
2000-02-23,1903,1903.TW,上市,53.703705,54.166664,52.777779,52.777779,418504,1.0
2000-02-24,1903,1903.TW,上市,51.851852,53.240742,51.851852,51.851852,474736,1.0
2000-02-25,1903,1903.TW,上市,50.925926,51.388889,49.074074,49.074074,437411,1.0
2000-02-28,1903,1903.TW,上市,45.438953,45.438953,45.438953,45.438953,0,1.0
2000-02-29,1903,1903.TW,上市,50.925926,51.851852,49.537037,50.925926,505907,1.0
2000-03-01,1903,1903.TW,上市,52.777779,53.703705,51.851852,52.314816,602503,1.0
2000-03-02,1903,1903.TW,上市,52.777779,53.240742,50.925926,51.388889,173424,1.0
2000-03-03,1903,1903.TW,上市,50.925926,51.851852,50.462963,50.925926,352524,1.0
2000-03-06,1903,1903.TW,上市,50.925926,50.925926,49.074074,49.074074,179625,1.0
2000-03-07,1903,1903.TW,上市,48.611111,50.0,47.685184,48.148148,180153,1.0
2000-03-08,1903,1903.TW,上市,48.148148,50.0,48.148148,48.611111,259571,1.0
2000-03-09,1903,1903.TW,上市,48.611111,49.537037,48.611111,49.074074,201880,1.0
2000-03-10,1903,1903.TW,上市,49.537037,49.537037,46.296295,47.222221,486552,1.0
2000-03-13,1903,1903.TW,上市,46.296295,47.222221,43.98148,43.98148,430814,1.0
2000-03-14,1903,1903.TW,上市,42.222221,43.611111,41.851852,42.222221,414164,1.0
2000-03-15,1903,1903.TW,上市,43.055553,44.814816,42.222221,43.055553,498052,1.0
2000-03-16,1903,1903.TW,上市,40.277779,43.518517,40.277779,42.5,281195,1.0
2000-03-17,1903,1903.TW,上市,42.5,43.888889,42.5,42.59259,522826,1.0
2000-03-20,1903,1903.TW,上市,41.111111,41.111111,41.111111,41.111111,55400,1.0
2000-03-21,1903,1903.TW,上市,39.722221,43.98148,39.722221,43.98148,996619,1.0
2000-03-22,1903,1903.TW,上市,44.444443,45.370369,42.777779,43.518517,365176,1.0
2000-03-23,1903,1903.TW,上市,43.703705,46.018517,43.703705,45.370369,626186,1.0
2000-03-24,1903,1903.TW,上市,44.907406,45.555553,43.98148,44.259258,404948,1.0
2000-03-27,1903,1903.TW,上市,44.444443,45.0,43.518517,44.351852,425027,1.0
2000-03-28,1903,1903.TW,上市,45.277779,46.296295,44.629627,45.740742,635365,1.0
2000-03-29,1903,1903.TW,上市,47.222221,47.222221,46.111111,46.296295,483733,1.0
2000-03-30,1903,1903.TW,上市,47.222221,47.685184,46.296295,47.222221,399421,1.0
2000-03-31,1903,1903.TW,上市,47.222221,47.685184,46.296295,46.296295,349931,1.0
2000-04-03,1903,1903.TW,上市,42.866943,42.866943,42.866943,42.866943,0,1.0
2000-04-04,1903,1903.TW,上市,42.866943,42.866943,42.866943,42.866943,0,1.0
2000-04-05,1903,1903.TW,上市,45.833332,46.759258,45.833332,45.833332,235612,1.0
2000-04-06,1903,1903.TW,上市,46.759258,48.148148,46.759258,46.759258,617350,1.0
2000-04-07,1903,1903.TW,上市,47.222221,48.611111,46.759258,46.759258,620069,1.0
2000-04-10,1903,1903.TW,上市,45.370369,46.296295,45.370369,45.555553,237945,1.0
2000-04-11,1903,1903.TW,上市,46.296295,46.759258,45.462963,45.462963,290840,1.0
2000-04-12,1903,1903.TW,上市,45.740742,47.685184,45.740742,46.111111,698632,1.0
2000-04-13,1903,1903.TW,上市,46.296295,48.148148,46.296295,46.296295,766552,1.0
2000-04-14,1903,1903.TW,上市,46.296295,47.222221,44.537037,45.0,475542,1.0
2000-04-17,1903,1903.TW,上市,42.685184,43.055553,42.129627,42.685184,342921,1.0
2000-04-18,1903,1903.TW,上市,43.055553,43.888889,42.870369,43.425926,236872,1.0
2000-04-19,1903,1903.TW,上市,43.703705,44.074074,42.407406,43.055553,182092,1.0
2000-04-20,1903,1903.TW,上市,43.055553,43.148148,42.129627,42.129627,180352,1.0
2000-04-21,1903,1903.TW,上市,42.59259,44.259258,42.407406,42.407406,494258,1.0
2000-04-24,1903,1903.TW,上市,43.333332,43.333332,42.129627,42.129627,209525,1.0
2000-04-25,1903,1903.TW,上市,42.129627,42.59259,41.666664,41.759258,237958,1.0
2000-04-26,1903,1903.TW,上市,41.759258,42.314816,39.814816,39.907406,337689,1.0
2000-04-27,1903,1903.TW,上市,39.814816,40.555553,39.351852,39.814816,286943,1.0
2000-04-28,1903,1903.TW,上市,40.0,41.203705,39.351852,41.203705,275068,1.0
2000-05-01,1903,1903.TW,上市,38.151573,38.151573,38.151573,38.151573,0,1.0
2000-05-02,1903,1903.TW,上市,40.185184,40.185184,38.055553,38.333332,281102,1.0
2000-05-03,1903,1903.TW,上市,35.740742,37.037037,35.740742,36.203705,609832,1.0
2000-05-04,1903,1903.TW,上市,35.740742,37.5,35.740742,36.111111,298927,1.0
2000-05-05,1903,1903.TW,上市,36.851852,36.851852,35.833332,36.851852,231853,1.0
2000-05-08,1903,1903.TW,上市,36.574074,37.222221,36.48148,36.574074,149299,1.0
2000-05-09,1903,1903.TW,上市,33.86488,33.86488,33.86488,33.86488,0,1.0
2000-05-10,1903,1903.TW,上市,36.944443,37.037037,36.574074,36.666664,98125,1.0
2000-05-11,1903,1903.TW,上市,36.666664,36.666664,35.740742,35.833332,121536,1.0
2000-05-12,1903,1903.TW,上市,36.111111,36.666664,35.925926,36.111111,220246,1.0
2000-05-15,1903,1903.TW,上市,36.574074,38.518517,36.296295,37.962963,504511,1.0
2000-05-16,1903,1903.TW,上市,37.777779,37.870369,37.037037,37.870369,226648,1.0
2000-05-17,1903,1903.TW,上市,37.962963,38.518517,37.5,38.055553,263626,1.0
2000-05-18,1903,1903.TW,上市,37.962963,37.962963,37.222221,37.314816,140873,1.0
2000-05-19,1903,1903.TW,上市,37.037037,37.870369,37.037037,37.037037,143349,1.0
2000-05-22,1903,1903.TW,上市,36.388889,37.59259,36.388889,36.851852,158630,1.0
2000-05-23,1903,1903.TW,上市,36.851852,38.425926,36.851852,37.685184,523063,1.0
2000-05-24,1903,1903.TW,上市,37.037037,37.59259,36.203705,36.851852,319766,1.0
2000-05-25,1903,1903.TW,上市,36.851852,37.222221,36.203705,36.296295,192456,1.0
2000-05-26,1903,1903.TW,上市,36.296295,36.388889,36.203705,36.388889,111314,1.0
2000-05-29,1903,1903.TW,上市,36.851852,37.5,36.851852,37.314816,318427,1.0
2000-05-30,1903,1903.TW,上市,34.550758,34.550758,34.550758,34.550758,0,1.0
2000-05-31,1903,1903.TW,上市,37.870369,37.870369,37.037037,37.037037,230947,1.0
2000-06-01,1903,1903.TW,上市,37.407406,37.407406,36.666664,36.666664,125020,1.0
2000-06-02,1903,1903.TW,上市,36.666664,37.037037,36.666664,36.851852,102851,1.0
2000-06-05,1903,1903.TW,上市,36.666664,36.851852,36.388889,36.851852,102643,1.0
2000-06-06,1903,1903.TW,上市,34.122082,34.122082,34.122082,34.122082,0,1.0
2000-06-07,1903,1903.TW,上市,36.851852,37.037037,36.574074,36.851852,115473,1.0
2000-06-08,1903,1903.TW,上市,36.851852,36.851852,36.574074,36.574074,115473,1.0
2000-06-09,1903,1903.TW,上市,36.574074,36.574074,35.740742,35.925926,139037,1.0
2000-06-12,1903,1903.TW,上市,35.648148,36.296295,35.648148,35.925926,103546,1.0
2000-06-13,1903,1903.TW,上市,35.462963,35.925926,35.462963,35.462963,127092,1.0
2000-06-14,1903,1903.TW,上市,35.462963,36.111111,35.185184,35.185184,152798,1.0
2000-06-15,1903,1903.TW,上市,35.185184,36.018517,34.907406,34.907406,173240,1.0
2000-06-16,1903,1903.TW,上市,35.185184,35.277779,34.814816,34.814816,70974,1.0
2000-06-19,1903,1903.TW,上市,33.796295,34.537037,33.796295,34.351852,184291,1.0
2000-06-20,1903,1903.TW,上市,34.351852,35.185184,34.074074,35.0,171553,1.0
2000-06-21,1903,1903.TW,上市,34.814816,35.185184,34.166664,34.722221,83006,1.0
2000-06-22,1903,1903.TW,上市,34.722221,34.722221,33.796295,34.722221,330092,1.0
2000-06-23,1903,1903.TW,上市,34.629627,34.629627,34.074074,34.074074,138570,1.0
2000-06-26,1903,1903.TW,上市,34.074074,34.074074,33.333332,33.888889,137052,1.0
2000-06-27,1903,1903.TW,上市,34.074074,34.074074,33.425926,33.98148,167962,1.0
2000-06-28,1903,1903.TW,上市,34.074074,34.259258,33.148148,33.148148,299764,1.0
2000-06-29,1903,1903.TW,上市,31.481482,32.685184,30.833332,30.925924,415791,1.0
2000-06-30,1903,1903.TW,上市,30.277777,31.481482,30.277777,31.481482,248941,1.0
2000-07-03,1903,1903.TW,上市,31.759258,33.611111,31.759258,33.611111,428068,1.0
2000-07-04,1903,1903.TW,上市,35.925926,35.925926,34.259258,34.351852,1113972,1.0
2000-07-05,1903,1903.TW,上市,34.351852,34.629627,33.518517,34.351852,670681,1.0
2000-07-06,1903,1903.TW,上市,33.888889,34.444443,33.703705,33.888889,255441,1.0
2000-07-07,1903,1903.TW,上市,33.98148,34.907406,33.98148,34.259258,349764,1.0
2000-07-10,1903,1903.TW,上市,35.370369,35.370369,34.259258,34.259258,243778,1.0
2000-07-11,1903,1903.TW,上市,34.537037,34.537037,31.944445,32.59259,461641,1.0
2000-07-12,1903,1903.TW,上市,32.685184,32.777779,30.648148,30.74074,253386,1.0
2000-07-13,1903,1903.TW,上市,30.74074,31.666666,30.74074,31.666666,249372,1.0
2000-07-14,1903,1903.TW,上市,32.314816,32.777779,31.666666,32.407406,215807,1.0
2000-07-17,1903,1903.TW,上市,31.944445,33.148148,31.944445,32.685184,384912,1.0
2000-07-18,1903,1903.TW,上市,32.685184,33.240742,31.481482,31.481482,135302,1.0
2000-07-19,1903,1903.TW,上市,32.685184,33.240742,31.481482,31.481482,135302,1.0
2000-07-20,1903,1903.TW,上市,31.944445,32.129627,31.666666,31.851851,158631,1.0
2000-07-21,1903,1903.TW,上市,32.037037,32.314816,31.481482,31.574074,189027,1.0
2000-07-24,1903,1903.TW,上市,31.759258,32.222221,31.574074,31.666666,109641,1.0
2000-07-25,1903,1903.TW,上市,31.481482,32.129627,31.481482,31.851851,197145,1.0
2000-07-26,1903,1903.TW,上市,32.129627,32.129627,31.018518,31.203703,163482,1.0
2000-07-27,1903,1903.TW,上市,31.481482,31.481482,30.555555,30.833332,153964,1.0
2000-07-28,1903,1903.TW,上市,30.833332,31.481482,30.833332,31.018518,205436,1.0
2000-07-31,1903,1903.TW,上市,34.074074,34.074074,32.59259,33.98148,776822,1.0
2000-08-01,1903,1903.TW,上市,33.98148,33.98148,32.59259,32.962963,206682,1.0
2000-08-02,1903,1903.TW,上市,33.425926,33.611111,32.59259,32.59259,236416,1.0
2000-08-03,1903,1903.TW,上市,32.59259,33.240742,32.59259,33.240742,271791,1.0
2000-08-04,1903,1903.TW,上市,33.425926,34.074074,32.870369,33.703705,353678,1.0
2000-08-07,1903,1903.TW,上市,33.703705,33.796295,32.870369,33.333332,242611,1.0
2000-08-08,1903,1903.TW,上市,33.703705,33.796295,32.962963,33.333332,128432,1.0
2000-08-09,1903,1903.TW,上市,33.333332,33.703705,33.148148,33.611111,187839,1.0
2000-08-10,1903,1903.TW,上市,33.611111,33.703705,33.148148,33.518517,134502,1.0
2000-08-11,1903,1903.TW,上市,33.333332,33.425926,32.59259,32.777779,141338,1.0
2000-08-14,1903,1903.TW,上市,32.407406,33.055553,31.759258,32.222221,116391,1.0
2000-08-15,1903,1903.TW,上市,32.314816,32.314816,31.481482,31.574074,76982,1.0
2000-08-16,1903,1903.TW,上市,31.574074,32.222221,31.574074,32.222221,73884,1.0
2000-08-17,1903,1903.TW,上市,32.129627,32.129627,31.574074,31.574074,66489,1.0
2000-08-18,1903,1903.TW,上市,31.574074,32.129627,31.574074,31.944445,85429,1.0
2000-08-21,1903,1903.TW,上市,31.481482,31.944445,31.481482,31.759258,142300,1.0
2000-08-22,1903,1903.TW,上市,31.481482,31.481482,30.74074,31.018518,206125,1.0
2000-08-23,1903,1903.TW,上市,28.720852,28.720852,28.720852,28.720852,0,1.0
2000-08-24,1903,1903.TW,上市,31.018518,31.388887,30.555555,30.555555,131803,1.0
2000-08-25,1903,1903.TW,上市,30.555555,30.833332,29.629629,29.814814,216430,1.0
2000-08-28,1903,1903.TW,上市,28.425924,29.166666,28.425924,28.518518,134358,1.0
2000-08-29,1903,1903.TW,上市,28.611111,28.611111,26.574074,27.314814,174103,1.0
2000-08-30,1903,1903.TW,上市,26.851851,27.037037,25.462961,25.462961,285138,1.0
2000-08-31,1903,1903.TW,上市,24.166666,26.388887,24.166666,25.925924,304853,1.0
2000-09-01,1903,1903.TW,上市,25.925924,26.388887,24.537037,24.537037,149494,1.0
2000-09-04,1903,1903.TW,上市,25.462961,25.925924,25.185184,25.74074,130636,1.0
2000-09-05,1903,1903.TW,上市,26.111111,26.111111,25.462961,25.74074,118985,1.0
2000-09-06,1903,1903.TW,上市,25.462961,25.74074,25.277777,25.277777,57153,1.0
2000-09-07,1903,1903.TW,上市,24.537037,25.462961,24.444445,24.537037,95646,1.0
2000-09-08,1903,1903.TW,上市,24.074074,25.0,24.074074,24.351851,88939,1.0
2000-09-11,1903,1903.TW,上市,24.907408,25.092592,24.537037,25.0,90057,1.0
2000-09-12,1903,1903.TW,上市,23.148148,23.148148,23.148148,23.148148,0,1.0
2000-09-13,1903,1903.TW,上市,25.185184,25.277777,24.722221,25.092592,117824,1.0
2000-09-14,1903,1903.TW,上市,24.814814,25.092592,24.629629,24.629629,49013,1.0
2000-09-15,1903,1903.TW,上市,24.629629,25.092592,24.629629,25.0,131033,1.0
2000-09-18,1903,1903.TW,上市,23.148148,23.981482,22.314814,22.314814,166795,1.0
2000-09-19,1903,1903.TW,上市,20.833332,22.592592,20.833332,21.203703,486635,1.0
2000-09-20,1903,1903.TW,上市,21.481482,22.685184,21.481482,22.685184,485224,1.0
2000-09-21,1903,1903.TW,上市,23.24074,24.259258,23.148148,24.259258,472393,1.0
2000-09-22,1903,1903.TW,上市,25.462961,25.925924,24.629629,25.0,1789293,1.0
2000-09-25,1903,1903.TW,上市,25.925924,26.296295,24.814814,25.0,736189,1.0
2000-09-26,1903,1903.TW,上市,25.0,25.462961,23.425924,23.611111,636987,1.0
2000-09-27,1903,1903.TW,上市,23.703703,24.444445,23.611111,23.703703,489188,1.0
2000-09-28,1903,1903.TW,上市,24.074074,24.074074,23.703703,23.888887,444462,1.0
2000-09-29,1903,1903.TW,上市,23.888887,25.092592,23.703703,24.907408,833347,1.0
2000-10-02,1903,1903.TW,上市,24.814814,26.018518,24.537037,25.370371,746496,1.0
2000-10-03,1903,1903.TW,上市,24.814814,27.037037,24.814814,26.944445,559057,1.0
2000-10-04,1903,1903.TW,上市,26.018518,26.018518,26.018518,26.018518,246113,1.0
2000-10-05,1903,1903.TW,上市,26.018518,27.777777,25.648148,27.777777,494620,1.0
2000-10-06,1903,1903.TW,上市,28.703703,29.629629,27.777777,29.537037,729992,1.0
2000-10-09,1903,1903.TW,上市,31.481482,31.574074,30.74074,30.925924,367416,1.0
2000-10-10,1903,1903.TW,上市,28.63512,28.63512,28.63512,28.63512,0,1.0
2000-10-11,1903,1903.TW,上市,29.907408,32.685184,29.907408,32.314816,1012706,1.0
2000-10-12,1903,1903.TW,上市,32.222221,33.518517,30.555555,30.648148,1230554,1.0
2000-10-13,1903,1903.TW,上市,29.537037,30.092592,28.518518,29.537037,657662,1.0
2000-10-16,1903,1903.TW,上市,27.349112,27.349112,27.349112,27.349112,0,1.0
2000-10-17,1903,1903.TW,上市,29.259258,30.092592,28.518518,29.259258,275270,1.0
2000-10-18,1903,1903.TW,上市,29.259258,30.555555,28.981482,28.981482,390901,1.0
2000-10-19,1903,1903.TW,上市,28.703703,29.814814,27.037037,27.037037,376750,1.0
2000-10-20,1903,1903.TW,上市,27.5,28.888887,27.5,28.888887,318430,1.0
2000-10-23,1903,1903.TW,上市,29.351851,31.296295,28.24074,31.296295,978609,1.0
2000-10-24,1903,1903.TW,上市,31.944445,33.425926,31.388887,33.425926,829464,1.0
2000-10-25,1903,1903.TW,上市,34.351852,35.740742,33.796295,35.185184,739044,1.0
2000-10-26,1903,1903.TW,上市,34.166664,37.59259,33.98148,37.59259,1737978,1.0
2000-10-27,1903,1903.TW,上市,34.807953,34.807953,34.807953,34.807953,0,1.0
2000-10-30,1903,1903.TW,上市,35.370369,39.074074,35.370369,39.074074,1953720,1.0
2000-10-31,1903,1903.TW,上市,39.074074,39.814816,38.148148,38.888889,823570,1.0
2000-11-01,1903,1903.TW,上市,38.703705,38.796295,37.59259,37.59259,374978,1.0
2000-11-02,1903,1903.TW,上市,36.296295,40.185184,36.296295,39.259258,2522946,1.0
2000-11-03,1903,1903.TW,上市,41.944443,41.944443,40.277779,41.944443,1570000,1.0
2000-11-06,1903,1903.TW,上市,41.203705,43.055553,40.833332,40.833332,509716,1.0
2000-11-07,1903,1903.TW,上市,39.444443,41.666664,39.444443,39.722221,411751,1.0
2000-11-08,1903,1903.TW,上市,39.444443,39.722221,37.962963,38.796295,502719,1.0
2000-11-09,1903,1903.TW,上市,37.962963,38.888889,37.5,38.518517,444632,1.0
2000-11-10,1903,1903.TW,上市,37.962963,38.518517,37.59259,37.962963,367462,1.0
2000-11-13,1903,1903.TW,上市,37.5,40.555553,35.462963,40.555553,1234336,1.0
2000-11-14,1903,1903.TW,上市,40.740742,43.240742,40.740742,41.666664,668858,1.0
2000-11-15,1903,1903.TW,上市,42.59259,42.59259,39.351852,39.351852,558209,1.0
2000-11-16,1903,1903.TW,上市,37.5,38.611111,36.666664,36.666664,541211,1.0
2000-11-17,1903,1903.TW,上市,34.351852,38.518517,34.351852,36.018517,358972,1.0
2000-11-20,1903,1903.TW,上市,35.185184,35.185184,32.777779,32.777779,256608,1.0
2000-11-21,1903,1903.TW,上市,31.666666,33.98148,31.666666,33.518517,467870,1.0
2000-11-22,1903,1903.TW,上市,33.518517,35.09259,32.870369,32.962963,300931,1.0
2000-11-23,1903,1903.TW,上市,32.962963,32.962963,31.851851,32.037037,309341,1.0
2000-11-24,1903,1903.TW,上市,31.851851,34.074074,31.851851,34.074074,273358,1.0
2000-11-27,1903,1903.TW,上市,34.074074,34.629627,33.611111,33.796295,320852,1.0
2000-11-28,1903,1903.TW,上市,33.333332,33.796295,32.685184,32.685184,180793,1.0
2000-11-29,1903,1903.TW,上市,32.59259,32.59259,31.574074,31.574074,421071,1.0
2000-11-30,1903,1903.TW,上市,33.240742,33.240742,30.555555,30.555555,445564,1.0
2000-12-01,1903,1903.TW,上市,29.537037,30.092592,29.537037,29.537037,299766,1.0
2000-12-04,1903,1903.TW,上市,30.092592,31.296295,29.907408,31.018518,787320,1.0
2000-12-05,1903,1903.TW,上市,31.111111,31.759258,30.555555,30.555555,477057,1.0
2000-12-06,1903,1903.TW,上市,30.74074,31.388887,29.537037,29.537037,365976,1.0
2000-12-07,1903,1903.TW,上市,28.981482,29.166666,28.518518,28.796295,337104,1.0
2000-12-08,1903,1903.TW,上市,28.888887,29.722221,28.055555,29.629629,319595,1.0
2000-12-11,1903,1903.TW,上市,29.629629,29.907408,28.703703,29.259258,236813,1.0
2000-12-12,1903,1903.TW,上市,28.981482,29.629629,28.888887,29.537037,239114,1.0
2000-12-13,1903,1903.TW,上市,29.537037,29.629629,29.259258,29.259258,88764,1.0
2000-12-14,1903,1903.TW,上市,29.444445,31.296295,29.351851,31.296295,766194,1.0
2000-12-15,1903,1903.TW,上市,30.833332,32.129627,30.833332,31.018518,1120923,1.0
2000-12-18,1903,1903.TW,上市,28.981482,28.981482,28.981482,28.981482,117806,1.0
2000-12-19,1903,1903.TW,上市,28.055555,28.981482,28.055555,28.518518,258942,1.0
2000-12-20,1903,1903.TW,上市,27.777777,28.425924,27.592592,27.592592,353594,1.0
2000-12-21,1903,1903.TW,上市,26.666666,28.24074,26.666666,27.592592,465396,1.0
2000-12-22,1903,1903.TW,上市,28.518518,28.518518,27.5,27.777777,252061,1.0
2000-12-25,1903,1903.TW,上市,27.777777,27.777777,27.777777,27.777777,0,1.0
2000-12-26,1903,1903.TW,上市,27.962961,27.962961,26.851851,26.851851,137637,1.0
2000-12-27,1903,1903.TW,上市,26.111111,26.574074,25.925924,25.925924,115765,1.0
2000-12-28,1903,1903.TW,上市,25.277777,27.685184,25.092592,27.685184,3119653,1.0
2000-12-29,1903,1903.TW,上市,28.055555,28.055555,26.759258,26.759258,148250,1.0
2001-01-01,1903,1903.TW,上市,26.759258,26.759258,26.759258,26.759258,0,1.0
2001-01-02,1903,1903.TW,上市,27.037037,28.148148,26.388887,28.055555,295099,1.0
2001-01-03,1903,1903.TW,上市,27.407408,28.24074,27.037037,27.129629,173864,1.0
2001-01-04,1903,1903.TW,上市,27.685184,28.981482,27.685184,28.981482,727833,1.0
2001-01-05,1903,1903.TW,上市,29.444445,29.629629,28.333332,29.629629,754382,1.0
2001-01-08,1903,1903.TW,上市,28.703703,31.111111,28.703703,29.629629,604195,1.0
2001-01-09,1903,1903.TW,上市,29.907408,30.370371,29.629629,30.185184,314928,1.0
2001-01-10,1903,1903.TW,上市,30.092592,30.74074,29.907408,30.185184,484056,1.0
2001-01-11,1903,1903.TW,上市,30.555555,30.555555,29.629629,29.629629,380246,1.0
2001-01-12,1903,1903.TW,上市,29.074074,29.629629,28.888887,29.074074,218116,1.0
2001-01-15,1903,1903.TW,上市,29.074074,30.0,29.074074,29.444445,325718,1.0
2001-01-16,1903,1903.TW,上市,28.981482,31.481482,28.981482,31.203703,761664,1.0
2001-01-17,1903,1903.TW,上市,31.296295,31.296295,29.814814,30.185184,283995,1.0
2001-01-18,1903,1903.TW,上市,30.185184,32.129627,29.722221,31.111111,732499,1.0
2001-01-19,1903,1903.TW,上市,31.111111,31.111111,31.111111,31.111111,0,1.0
2001-01-22,1903,1903.TW,上市,31.111111,31.111111,31.111111,31.111111,0,1.0
2001-01-23,1903,1903.TW,上市,31.111111,31.111111,31.111111,31.111111,0,1.0
2001-01-24,1903,1903.TW,上市,31.111111,31.111111,31.111111,31.111111,0,1.0
2001-01-25,1903,1903.TW,上市,31.111111,31.111111,31.111111,31.111111,0,1.0
2001-01-26,1903,1903.TW,上市,31.111111,31.111111,31.111111,31.111111,0,1.0
2001-01-29,1903,1903.TW,上市,31.759258,31.851851,30.555555,30.74074,362750,1.0
2001-01-30,1903,1903.TW,上市,30.648148,30.833332,30.092592,30.277777,218116,1.0
2001-01-31,1903,1903.TW,上市,30.462961,31.111111,30.185184,31.018518,345254,1.0
2001-02-01,1903,1903.TW,上市,31.574074,32.407406,31.574074,31.759258,492920,1.0
2001-02-02,1903,1903.TW,上市,31.944445,33.98148,31.574074,33.98148,785801,1.0
2001-02-05,1903,1903.TW,上市,35.833332,36.296295,34.722221,36.296295,655516,1.0
2001-02-06,1903,1903.TW,上市,37.314816,38.611111,33.888889,34.444443,1161021,1.0
2001-02-07,1903,1903.TW,上市,32.407406,34.537037,32.407406,32.870369,212309,1.0
2001-02-08,1903,1903.TW,上市,32.962963,34.166664,32.962963,34.074074,379092,1.0
2001-02-09,1903,1903.TW,上市,34.074074,36.388889,34.074074,36.111111,797817,1.0
2001-02-12,1903,1903.TW,上市,36.111111,36.851852,35.370369,35.462963,1033431,1.0
2001-02-13,1903,1903.TW,上市,35.185184,35.925926,34.722221,34.814816,310974,1.0
2001-02-14,1903,1903.TW,上市,34.814816,36.111111,34.814816,34.907406,344530,1.0
2001-02-15,1903,1903.TW,上市,37.314816,37.314816,37.314816,37.314816,336623,1.0
2001-02-16,1903,1903.TW,上市,39.907406,39.907406,37.962963,39.907406,2002078,1.0
2001-02-19,1903,1903.TW,上市,39.351852,42.407406,39.351852,41.48148,2136781,1.0
2001-02-20,1903,1903.TW,上市,41.48148,42.5,38.888889,39.814816,1477910,1.0
2001-02-21,1903,1903.TW,上市,38.888889,39.814816,38.425926,39.722221,486389,1.0
2001-02-22,1903,1903.TW,上市,38.888889,41.018517,38.425926,39.074074,635464,1.0
2001-02-23,1903,1903.TW,上市,39.074074,39.444443,38.333332,38.333332,286756,1.0
2001-02-26,1903,1903.TW,上市,37.962963,40.0,37.685184,38.518517,481723,1.0
2001-02-27,1903,1903.TW,上市,38.796295,39.629627,38.518517,38.518517,336157,1.0
2001-02-28,1903,1903.TW,上市,38.518517,38.518517,38.518517,38.518517,0,1.0
2001-03-01,1903,1903.TW,上市,37.962963,38.518517,37.962963,37.962963,200854,1.0
2001-03-02,1903,1903.TW,上市,38.333332,38.703705,37.037037,37.962963,288010,1.0
2001-03-05,1903,1903.TW,上市,37.962963,38.425926,37.314816,38.240742,144635,1.0
2001-03-06,1903,1903.TW,上市,37.5,38.240742,37.314816,37.59259,193631,1.0
2001-03-07,1903,1903.TW,上市,38.240742,38.240742,37.222221,37.222221,175458,1.0
2001-03-08,1903,1903.TW,上市,37.777779,38.240742,37.222221,38.148148,262454,1.0
2001-03-09,1903,1903.TW,上市,38.148148,38.148148,37.59259,38.055553,59554,1.0
2001-03-12,1903,1903.TW,上市,37.777779,37.962963,35.462963,35.648148,346420,1.0
2001-03-13,1903,1903.TW,上市,35.370369,36.111111,35.370369,36.018517,186636,1.0
2001-03-14,1903,1903.TW,上市,36.018517,36.018517,36.018517,36.018517,0,1.0
2001-03-15,1903,1903.TW,上市,35.648148,35.648148,34.722221,35.462963,104976,1.0
2001-03-16,1903,1903.TW,上市,35.648148,37.037037,35.648148,36.666664,286936,1.0
2001-03-19,1903,1903.TW,上市,35.833332,36.944443,35.277779,35.277779,93324,1.0
2001-03-20,1903,1903.TW,上市,35.462963,36.018517,35.462963,35.462963,98548,1.0
2001-03-21,1903,1903.TW,上市,35.185184,36.018517,35.09259,35.648148,132990,1.0
2001-03-22,1903,1903.TW,上市,35.925926,36.574074,35.0,36.388889,190180,1.0
2001-03-23,1903,1903.TW,上市,36.388889,36.574074,35.648148,35.740742,179656,1.0
2001-03-26,1903,1903.TW,上市,36.111111,36.296295,35.833332,35.925926,109683,1.0
2001-03-27,1903,1903.TW,上市,36.111111,36.944443,36.111111,36.759258,210062,1.0
2001-03-28,1903,1903.TW,上市,36.944443,36.944443,36.111111,36.388889,117842,1.0
2001-03-29,1903,1903.TW,上市,36.388889,36.388889,35.185184,35.648148,116956,1.0
2001-03-30,1903,1903.TW,上市,36.111111,36.111111,35.185184,35.740742,126755,1.0
2001-04-02,1903,1903.TW,上市,35.185184,35.925926,34.722221,34.722221,124822,1.0
2001-04-03,1903,1903.TW,上市,33.796295,33.796295,32.870369,32.870369,116722,1.0
2001-04-04,1903,1903.TW,上市,32.59259,33.518517,32.59259,32.870369,59628,1.0
2001-04-05,1903,1903.TW,上市,32.870369,32.870369,32.870369,32.870369,0,1.0
2001-04-06,1903,1903.TW,上市,33.98148,33.98148,33.148148,33.518517,58491,1.0
2001-04-09,1903,1903.TW,上市,33.518517,34.166664,32.685184,33.148148,49318,1.0
2001-04-10,1903,1903.TW,上市,33.148148,33.796295,32.870369,32.870369,36277,1.0
2001-04-11,1903,1903.TW,上市,32.870369,32.870369,31.203703,31.203703,102749,1.0
2001-04-12,1903,1903.TW,上市,31.203703,32.777779,31.018518,32.222221,129785,1.0
2001-04-13,1903,1903.TW,上市,32.870369,34.444443,32.870369,34.444443,250672,1.0
2001-04-16,1903,1903.TW,上市,36.851852,36.851852,36.851852,36.851852,161707,1.0
2001-04-17,1903,1903.TW,上市,38.703705,38.703705,36.851852,37.314816,1598385,1.0
2001-04-18,1903,1903.TW,上市,36.759258,38.425926,36.759258,37.314816,413318,1.0
2001-04-19,1903,1903.TW,上市,37.5,37.777779,35.555553,35.648148,449105,1.0
2001-04-20,1903,1903.TW,上市,35.740742,36.574074,35.740742,36.574074,268429,1.0
2001-04-23,1903,1903.TW,上市,36.666664,36.666664,35.462963,35.462963,149356,1.0
2001-04-24,1903,1903.TW,上市,35.462963,35.925926,34.722221,35.555553,219233,1.0
2001-04-25,1903,1903.TW,上市,35.555553,35.648148,35.185184,35.277779,68450,1.0
2001-04-26,1903,1903.TW,上市,35.555553,35.648148,35.185184,35.277779,68450,1.0
2001-04-27,1903,1903.TW,上市,35.833332,36.018517,34.722221,34.722221,195553,1.0
2001-04-30,1903,1903.TW,上市,34.259258,34.629627,33.611111,33.611111,124937,1.0
2001-05-01,1903,1903.TW,上市,33.611111,33.611111,33.611111,33.611111,0,1.0
2001-05-02,1903,1903.TW,上市,33.333332,34.074074,31.944445,32.5,124817,1.0
2001-05-03,1903,1903.TW,上市,33.333332,34.722221,33.148148,34.722221,169153,1.0
2001-05-04,1903,1903.TW,上市,35.648148,36.111111,34.259258,34.259258,530714,1.0
2001-05-07,1903,1903.TW,上市,34.259258,34.537037,33.333332,33.425926,190193,1.0
2001-05-08,1903,1903.TW,上市,33.518517,34.259258,32.407406,32.777779,140110,1.0
2001-05-09,1903,1903.TW,上市,33.333332,33.333332,32.962963,33.333332,85149,1.0
2001-05-10,1903,1903.TW,上市,33.518517,33.518517,31.944445,32.962963,103810,1.0
2001-05-11,1903,1903.TW,上市,33.148148,33.333332,32.129627,33.333332,120141,1.0
2001-05-14,1903,1903.TW,上市,32.222221,32.962963,32.037037,32.5,64761,1.0
2001-05-15,1903,1903.TW,上市,32.037037,32.5,30.74074,32.129627,146967,1.0
2001-05-16,1903,1903.TW,上市,32.222221,32.222221,31.481482,31.759258,65337,1.0
2001-05-17,1903,1903.TW,上市,31.481482,32.037037,31.481482,31.666666,83995,1.0
2001-05-18,1903,1903.TW,上市,32.037037,32.037037,31.203703,31.296295,55287,1.0
2001-05-21,1903,1903.TW,上市,29.629629,30.925924,29.259258,29.259258,67654,1.0
2001-05-22,1903,1903.TW,上市,29.351851,30.277777,29.351851,29.351851,46840,1.0
2001-05-23,1903,1903.TW,上市,29.629629,30.74074,29.259258,30.277777,72329,1.0
2001-05-24,1903,1903.TW,上市,30.833332,31.111111,29.722221,30.462961,75863,1.0
2001-05-25,1903,1903.TW,上市,30.462961,31.388887,29.722221,29.907408,109640,1.0
2001-05-28,1903,1903.TW,上市,29.907408,29.907408,28.425924,29.074074,156313,1.0
2001-05-29,1903,1903.TW,上市,29.074074,29.629629,28.055555,29.074074,95881,1.0
2001-05-30,1903,1903.TW,上市,29.074074,29.074074,28.333332,28.333332,32672,1.0
2001-05-31,1903,1903.TW,上市,28.333332,28.888887,28.333332,28.333332,52504,1.0
2001-06-01,1903,1903.TW,上市,28.333332,29.444445,28.333332,28.518518,34993,1.0
2001-06-04,1903,1903.TW,上市,28.518518,28.518518,27.962961,28.055555,37431,1.0
2001-06-05,1903,1903.TW,上市,28.333332,29.074074,28.333332,28.703703,46658,1.0
2001-06-06,1903,1903.TW,上市,29.444445,29.444445,28.888887,29.259258,68881,1.0
2001-06-07,1903,1903.TW,上市,28.888887,29.074074,28.24074,28.611111,40870,1.0
2001-06-08,1903,1903.TW,上市,28.611111,29.166666,28.24074,28.425924,44337,1.0
2001-06-11,1903,1903.TW,上市,28.055555,28.888887,28.055555,28.796295,30501,1.0
2001-06-12,1903,1903.TW,上市,28.24074,28.518518,27.777777,28.24074,39672,1.0
2001-06-13,1903,1903.TW,上市,28.24074,28.888887,28.055555,28.24074,57153,1.0
2001-06-14,1903,1903.TW,上市,28.703703,28.703703,28.055555,28.24074,35225,1.0
2001-06-15,1903,1903.TW,上市,27.962961,28.333332,27.407408,28.24074,51336,1.0
2001-06-18,1903,1903.TW,上市,27.777777,27.777777,27.5,27.592592,36160,1.0
2001-06-19,1903,1903.TW,上市,27.314814,28.055555,27.314814,27.314814,24528,1.0
2001-06-20,1903,1903.TW,上市,27.407408,27.407408,27.037037,27.222221,52499,1.0
2001-06-21,1903,1903.TW,上市,27.314814,27.685184,26.018518,26.574074,66484,1.0
2001-06-22,1903,1903.TW,上市,26.388887,26.851851,26.111111,26.388887,12830,1.0
2001-06-25,1903,1903.TW,上市,26.388887,26.388887,26.388887,26.388887,0,1.0
2001-06-26,1903,1903.TW,上市,26.388887,26.388887,25.555555,25.74074,38493,1.0
2001-06-27,1903,1903.TW,上市,24.537037,25.555555,24.537037,24.907408,90981,1.0
2001-06-28,1903,1903.TW,上市,25.092592,25.092592,24.629629,25.092592,24518,1.0
2001-06-29,1903,1903.TW,上市,25.370371,25.925924,25.370371,25.925924,53561,1.0
2001-07-02,1903,1903.TW,上市,25.925924,26.018518,25.925924,25.925924,28008,1.0
2001-07-03,1903,1903.TW,上市,25.833332,25.925924,25.277777,25.370371,27994,1.0
2001-07-04,1903,1903.TW,上市,25.277777,25.277777,24.537037,24.537037,29163,1.0
2001-07-05,1903,1903.TW,上市,24.074074,24.074074,23.611111,23.981482,60652,1.0
2001-07-06,1903,1903.TW,上市,23.611111,24.351851,23.611111,24.074074,116816,1.0
2001-07-09,1903,1903.TW,上市,23.611111,23.981482,23.611111,23.981482,41990,1.0
2001-07-10,1903,1903.TW,上市,24.259258,24.444445,23.796295,23.888887,83989,1.0
2001-07-11,1903,1903.TW,上市,23.425924,23.796295,23.148148,23.24074,71162,1.0
2001-07-12,1903,1903.TW,上市,23.611111,23.703703,23.148148,23.518518,31492,1.0
2001-07-13,1903,1903.TW,上市,23.611111,23.888887,23.24074,23.24074,64648,1.0
2001-07-16,1903,1903.TW,上市,22.962961,23.333332,21.759258,21.759258,71151,1.0
2001-07-17,1903,1903.TW,上市,21.759258,21.851851,21.759258,21.759258,19840,1.0
2001-07-18,1903,1903.TW,上市,21.851851,22.685184,21.759258,21.851851,57153,1.0
2001-07-19,1903,1903.TW,上市,21.388887,21.851851,21.296295,21.388887,65613,1.0
2001-07-20,1903,1903.TW,上市,21.851851,22.777777,21.851851,21.944445,58742,1.0
2001-07-23,1903,1903.TW,上市,22.5,22.5,21.574074,21.574074,22161,1.0
2001-07-24,1903,1903.TW,上市,21.759258,21.759258,20.833332,20.833332,50155,1.0
2001-07-25,1903,1903.TW,上市,20.370371,20.833332,20.370371,20.833332,24495,1.0
2001-07-26,1903,1903.TW,上市,20.833332,21.574074,20.462961,21.574074,47864,1.0
2001-07-27,1903,1903.TW,上市,21.574074,22.129629,21.481482,22.129629,73611,1.0
2001-07-30,1903,1903.TW,上市,22.129629,22.129629,22.129629,22.129629,0,1.0
2001-07-31,1903,1903.TW,上市,22.037037,22.129629,21.944445,21.944445,14591,1.0
2001-08-01,1903,1903.TW,上市,21.388887,21.666666,21.388887,21.666666,62246,1.0
2001-08-02,1903,1903.TW,上市,21.388887,21.944445,21.388887,21.944445,31516,1.0
2001-08-03,1903,1903.TW,上市,22.314814,22.962961,22.129629,22.962961,87782,1.0
2001-08-06,1903,1903.TW,上市,22.962961,22.962961,22.592592,22.962961,39658,1.0
2001-08-07,1903,1903.TW,上市,22.870371,22.870371,21.944445,22.777777,24494,1.0
2001-08-08,1903,1903.TW,上市,22.685184,24.074074,22.685184,24.074074,173793,1.0
2001-08-09,1903,1903.TW,上市,23.981482,24.074074,23.425924,23.611111,76987,1.0
2001-08-10,1903,1903.TW,上市,23.611111,24.259258,22.962961,24.259258,90980,1.0
2001-08-13,1903,1903.TW,上市,24.166666,25.555555,23.796295,25.370371,118976,1.0
2001-08-14,1903,1903.TW,上市,24.907408,25.0,24.537037,24.629629,78148,1.0
2001-08-15,1903,1903.TW,上市,24.444445,24.907408,24.259258,24.444445,66511,1.0
2001-08-16,1903,1903.TW,上市,25.833332,26.111111,25.462961,26.111111,298598,1.0
2001-08-17,1903,1903.TW,上市,26.111111,27.037037,25.925924,26.388887,384679,1.0
2001-08-20,1903,1903.TW,上市,25.092592,26.111111,25.092592,25.648148,98307,1.0
2001-08-21,1903,1903.TW,上市,25.185184,25.648148,24.074074,24.537037,134141,1.0
2001-08-22,1903,1903.TW,上市,24.166666,25.648148,24.166666,24.629629,151632,1.0
2001-08-23,1903,1903.TW,上市,24.814814,25.185184,24.537037,24.907408,127137,1.0
2001-08-24,1903,1903.TW,上市,25.200001,25.799999,24.9,24.9,149000,1.0
2001-08-27,1903,1903.TW,上市,24.9,25.1,24.700001,24.700001,91160,1.0
2001-08-28,1903,1903.TW,上市,24.700001,26.4,24.700001,26.4,182760,1.0
2001-08-29,1903,1903.TW,上市,28.200001,28.200001,27.700001,28.200001,403482,1.0
2001-08-30,1903,1903.TW,上市,30.1,30.1,29.200001,30.1,714642,1.0
2001-08-31,1903,1903.TW,上市,30.1,30.9,28.799999,29.799999,680432,1.0
2001-09-03,1903,1903.TW,上市,30.6,30.799999,29.200001,29.5,411400,1.0
2001-09-04,1903,1903.TW,上市,29.4,29.4,27.5,27.6,343000,1.0
2001-09-05,1903,1903.TW,上市,27.5,29.200001,27.299999,27.799999,323026,1.0
2001-09-06,1903,1903.TW,上市,27.799999,28.799999,27.799999,28.4,347400,1.0
2001-09-07,1903,1903.TW,上市,28.1,28.4,26.5,26.700001,250479,1.0
2001-09-10,1903,1903.TW,上市,26.700001,26.700001,26.1,26.5,59000,1.0
2001-09-11,1903,1903.TW,上市,26.5,26.799999,26.0,26.0,103000,1.0
2001-09-12,1903,1903.TW,上市,26.0,26.0,26.0,26.0,0,1.0
2001-09-13,1903,1903.TW,上市,24.200001,25.799999,24.200001,25.0,158000,1.0
2001-09-14,1903,1903.TW,上市,24.799999,25.799999,23.799999,23.799999,248122,1.0
2001-09-17,1903,1903.TW,上市,23.799999,23.799999,23.799999,23.799999,0,1.0
2001-09-18,1903,1903.TW,上市,23.799999,23.799999,23.799999,23.799999,0,1.0
2001-09-19,1903,1903.TW,上市,23.799999,23.799999,23.799999,23.799999,0,1.0
2001-09-20,1903,1903.TW,上市,23.4,24.1,23.4,23.5,119081,1.0
2001-09-21,1903,1903.TW,上市,23.1,23.4,22.700001,23.4,115320,1.0
2001-09-24,1903,1903.TW,上市,23.4,23.4,23.4,23.4,0,1.0
2001-09-25,1903,1903.TW,上市,23.799999,24.0,23.4,23.4,113137,1.0
2001-09-26,1903,1903.TW,上市,23.5,23.9,23.0,23.799999,102440,1.0
2001-09-27,1903,1903.TW,上市,23.799999,24.6,23.700001,24.1,187079,1.0
2001-09-28,1903,1903.TW,上市,24.1,24.1,24.1,24.1,0,1.0
2001-10-01,1903,1903.TW,上市,24.1,24.1,24.1,24.1,0,1.0
2001-10-02,1903,1903.TW,上市,24.5,24.5,23.200001,23.200001,103000,1.0
2001-10-03,1903,1903.TW,上市,23.200001,23.299999,22.6,22.6,98000,1.0
2001-10-04,1903,1903.TW,上市,23.5,23.5,22.700001,22.799999,62233,1.0
2001-10-05,1903,1903.TW,上市,23.0,23.5,23.0,23.5,35010,1.0
2001-10-08,1903,1903.TW,上市,22.0,22.700001,22.0,22.1,80139,1.0
2001-10-09,1903,1903.TW,上市,22.4,22.799999,22.4,22.6,37003,1.0
2001-10-10,1903,1903.TW,上市,22.6,22.6,22.6,22.6,0,1.0
2001-10-11,1903,1903.TW,上市,23.700001,24.0,23.200001,24.0,131002,1.0
2001-10-12,1903,1903.TW,上市,24.5,24.799999,23.5,24.1,230612,1.0
2001-10-15,1903,1903.TW,上市,24.5,25.299999,24.200001,24.200001,208012,1.0
2001-10-16,1903,1903.TW,上市,24.0,24.6,23.799999,24.0,64546,1.0
2001-10-17,1903,1903.TW,上市,23.799999,24.5,23.799999,23.9,57064,1.0
2001-10-18,1903,1903.TW,上市,23.799999,24.1,23.799999,23.799999,27080,1.0
2001-10-19,1903,1903.TW,上市,23.799999,24.0,23.799999,23.799999,27223,1.0
2001-10-22,1903,1903.TW,上市,23.799999,24.799999,23.799999,24.700001,150000,1.0
2001-10-23,1903,1903.TW,上市,25.0,25.200001,24.200001,24.200001,232700,1.0
2001-10-24,1903,1903.TW,上市,24.200001,25.0,24.1,24.799999,112659,1.0
2001-10-25,1903,1903.TW,上市,24.700001,24.799999,24.200001,24.299999,79000,1.0
2001-10-26,1903,1903.TW,上市,24.700001,24.799999,24.299999,24.5,66411,1.0
2001-10-29,1903,1903.TW,上市,24.5,25.1,24.200001,24.6,70240,1.0
2001-10-30,1903,1903.TW,上市,24.299999,24.4,24.200001,24.200001,30001,1.0
2001-10-31,1903,1903.TW,上市,24.799999,24.799999,24.200001,24.200001,114000,1.0
2001-11-01,1903,1903.TW,上市,24.0,24.200001,24.0,24.0,36863,1.0
2001-11-02,1903,1903.TW,上市,24.200001,24.4,24.0,24.1,52062,1.0
2001-11-05,1903,1903.TW,上市,24.0,24.0,23.799999,23.799999,29754,1.0
2001-11-06,1903,1903.TW,上市,23.4,24.299999,23.4,23.799999,59600,1.0
2001-11-07,1903,1903.TW,上市,23.799999,24.1,23.700001,23.799999,105290,1.0
2001-11-08,1903,1903.TW,上市,23.9,24.0,23.5,23.799999,44375,1.0
2001-11-09,1903,1903.TW,上市,23.799999,23.799999,23.799999,23.799999,0,1.0
2001-11-12,1903,1903.TW,上市,23.0,24.0,23.0,24.0,79000,1.0
2001-11-13,1903,1903.TW,上市,24.0,24.0,23.6,23.700001,21420,1.0
2001-11-14,1903,1903.TW,上市,24.0,24.299999,23.5,23.9,137834,1.0
2001-11-15,1903,1903.TW,上市,23.700001,24.299999,23.6,23.9,84400,1.0
2001-11-16,1903,1903.TW,上市,23.9,24.1,23.700001,24.0,90041,1.0
2001-11-19,1903,1903.TW,上市,24.1,24.6,24.0,24.0,259114,1.0
2001-11-20,1903,1903.TW,上市,24.5,24.799999,24.1,24.200001,327302,1.0
2001-11-21,1903,1903.TW,上市,24.299999,24.299999,23.799999,23.799999,71360,1.0
2001-11-22,1903,1903.TW,上市,23.799999,24.299999,23.6,24.0,178200,1.0
2001-11-23,1903,1903.TW,上市,24.1,24.200001,23.799999,23.9,73000,1.0
2001-11-26,1903,1903.TW,上市,23.799999,24.5,23.799999,24.5,122526,1.0
2001-11-27,1903,1903.TW,上市,24.5,24.5,23.9,23.9,48000,1.0
2001-11-28,1903,1903.TW,上市,24.0,24.299999,23.9,24.0,47300,1.0
2001-11-29,1903,1903.TW,上市,23.799999,24.200001,23.799999,24.1,53010,1.0
2001-11-30,1903,1903.TW,上市,24.299999,24.299999,23.799999,24.0,29000,1.0
2001-12-03,1903,1903.TW,上市,24.200001,25.299999,24.1,24.9,316001,1.0
2001-12-04,1903,1903.TW,上市,24.799999,25.200001,24.1,25.1,248001,1.0
2001-12-05,1903,1903.TW,上市,26.200001,26.5,25.6,26.0,445003,1.0
2001-12-06,1903,1903.TW,上市,27.5,27.799999,26.5,27.799999,651004,1.0
2001-12-07,1903,1903.TW,上市,27.799999,29.700001,27.799999,29.700001,1041002,1.0
2001-12-10,1903,1903.TW,上市,30.700001,31.6,30.5,31.4,938716,1.0
2001-12-11,1903,1903.TW,上市,30.799999,31.0,29.299999,29.299999,408201,1.0
2001-12-12,1903,1903.TW,上市,29.700001,29.9,27.5,29.299999,774271,1.0
2001-12-13,1903,1903.TW,上市,29.5,31.0,28.299999,28.799999,798223,1.0
2001-12-14,1903,1903.TW,上市,28.4,28.4,27.5,28.4,415475,1.0
2001-12-17,1903,1903.TW,上市,28.5,30.299999,28.5,30.299999,598167,1.0
2001-12-18,1903,1903.TW,上市,31.6,31.6,28.200001,28.200001,623613,1.0
2001-12-19,1903,1903.TW,上市,28.0,29.0,26.6,26.9,236004,1.0
2001-12-20,1903,1903.TW,上市,26.799999,28.0,26.1,28.0,240899,1.0
2001-12-21,1903,1903.TW,上市,26.1,27.6,26.1,26.6,163451,1.0
2001-12-24,1903,1903.TW,上市,26.6,28.299999,26.6,28.1,306010,1.0
2001-12-25,1903,1903.TW,上市,28.5,28.700001,27.700001,28.200001,173136,1.0
2001-12-26,1903,1903.TW,上市,28.5,28.5,27.5,27.6,139520,1.0
2001-12-27,1903,1903.TW,上市,27.9,28.5,27.6,28.0,295680,1.0
2001-12-28,1903,1903.TW,上市,28.0,28.0,26.6,27.6,314001,1.0
2001-12-31,1903,1903.TW,上市,27.6,27.799999,27.200001,27.6,308025,1.0
2002-01-01,1903,1903.TW,上市,27.6,27.6,27.6,27.6,0,1.0
2002-01-02,1903,1903.TW,上市,27.799999,28.299999,27.5,27.6,233000,1.0
2002-01-03,1903,1903.TW,上市,27.6,27.6,27.6,27.6,0,1.0
2002-01-04,1903,1903.TW,上市,31.5,31.5,29.5,29.5,1054404,1.0
2002-01-07,1903,1903.TW,上市,29.9,31.299999,29.6,31.299999,1314000,1.0
2002-01-08,1903,1903.TW,上市,31.799999,31.9,30.0,30.299999,628012,1.0
2002-01-09,1903,1903.TW,上市,30.299999,30.299999,29.200001,29.700001,815583,1.0
2002-01-10,1903,1903.TW,上市,29.9,30.299999,29.5,29.5,400844,1.0
2002-01-11,1903,1903.TW,上市,29.5,31.5,29.5,29.700001,2414800,1.0
2002-01-14,1903,1903.TW,上市,29.299999,29.700001,27.700001,28.0,627010,1.0
2002-01-15,1903,1903.TW,上市,27.6,28.799999,27.6,28.5,233836,1.0
2002-01-16,1903,1903.TW,上市,28.1,30.4,28.1,29.6,627376,1.0
2002-01-17,1903,1903.TW,上市,29.1,31.4,29.1,31.0,605000,1.0
2002-01-18,1903,1903.TW,上市,32.0,32.5,29.6,30.0,1720000,1.0
2002-01-21,1903,1903.TW,上市,29.5,30.1,29.200001,29.9,505000,1.0
2002-01-22,1903,1903.TW,上市,29.799999,30.299999,29.1,29.799999,254001,1.0
2002-01-23,1903,1903.TW,上市,29.6,30.0,29.200001,29.4,328998,1.0
2002-01-24,1903,1903.TW,上市,29.799999,30.200001,29.0,29.299999,256000,1.0
2002-01-25,1903,1903.TW,上市,29.299999,29.9,29.299999,29.5,177010,1.0
2002-01-28,1903,1903.TW,上市,29.5,30.0,29.5,29.6,346997,1.0
2002-01-29,1903,1903.TW,上市,29.6,29.6,28.5,28.799999,296000,1.0
2002-01-30,1903,1903.TW,上市,28.5,28.700001,28.299999,28.700001,138000,1.0
2002-01-31,1903,1903.TW,上市,28.700001,28.700001,28.700001,28.700001,0,1.0
2002-02-01,1903,1903.TW,上市,29.200001,30.0,28.799999,29.1,322110,1.0
2002-02-04,1903,1903.TW,上市,29.5,29.700001,28.700001,28.799999,214210,1.0
2002-02-05,1903,1903.TW,上市,28.200001,28.5,28.0,28.200001,120002,1.0
2002-02-06,1903,1903.TW,上市,28.200001,29.0,28.0,28.5,283000,1.0
2002-02-07,1903,1903.TW,上市,28.5,28.5,28.5,28.5,0,1.0
2002-02-08,1903,1903.TW,上市,28.5,28.5,28.5,28.5,0,1.0
2002-02-11,1903,1903.TW,上市,28.5,28.5,28.5,28.5,0,1.0
2002-02-12,1903,1903.TW,上市,28.5,28.5,28.5,28.5,0,1.0
2002-02-13,1903,1903.TW,上市,28.5,28.5,28.5,28.5,0,1.0
2002-02-14,1903,1903.TW,上市,28.5,28.5,28.5,28.5,0,1.0
2002-02-15,1903,1903.TW,上市,28.5,28.5,28.5,28.5,0,1.0
2002-02-18,1903,1903.TW,上市,28.799999,29.299999,28.6,28.700001,189000,1.0
2002-02-19,1903,1903.TW,上市,28.700001,29.4,28.200001,28.200001,210012,1.0
2002-02-20,1903,1903.TW,上市,28.0,28.5,28.0,28.0,186520,1.0
2002-02-21,1903,1903.TW,上市,28.299999,29.5,28.200001,28.9,761632,1.0
2002-02-22,1903,1903.TW,上市,28.799999,28.9,28.0,28.1,185000,1.0
2002-02-25,1903,1903.TW,上市,28.1,29.6,28.1,28.1,894829,1.0
2002-02-26,1903,1903.TW,上市,28.5,28.700001,28.1,28.1,156028,1.0
2002-02-27,1903,1903.TW,上市,28.1,28.4,28.0,28.1,237919,1.0
2002-02-28,1903,1903.TW,上市,28.1,28.1,28.1,28.1,0,1.0
2002-03-01,1903,1903.TW,上市,28.1,29.299999,28.1,28.5,729297,1.0
2002-03-04,1903,1903.TW,上市,29.4,29.5,28.6,29.1,513468,1.0
2002-03-05,1903,1903.TW,上市,29.5,30.0,28.9,29.5,1131843,1.0
2002-03-06,1903,1903.TW,上市,29.799999,29.799999,28.700001,29.0,462010,1.0
2002-03-07,1903,1903.TW,上市,29.0,29.5,28.5,29.0,537001,1.0
2002-03-08,1903,1903.TW,上市,28.9,29.5,28.799999,28.799999,499005,1.0
2002-03-11,1903,1903.TW,上市,28.799999,29.6,28.799999,29.1,487655,1.0
2002-03-12,1903,1903.TW,上市,29.200001,29.5,28.799999,28.799999,617511,1.0
2002-03-13,1903,1903.TW,上市,28.799999,29.9,28.799999,29.5,1173727,1.0
2002-03-14,1903,1903.TW,上市,29.5,30.5,29.1,29.1,1001000,1.0
2002-03-15,1903,1903.TW,上市,29.1,29.299999,28.299999,28.299999,586773,1.0
2002-03-18,1903,1903.TW,上市,28.5,28.6,28.299999,28.4,383003,1.0
2002-03-19,1903,1903.TW,上市,28.799999,29.0,28.299999,28.299999,442814,1.0
2002-03-20,1903,1903.TW,上市,28.5,28.9,28.299999,28.4,436448,1.0
2002-03-21,1903,1903.TW,上市,28.700001,28.799999,28.4,28.6,571100,1.0
2002-03-22,1903,1903.TW,上市,28.9,29.9,28.6,29.0,927065,1.0
2002-03-25,1903,1903.TW,上市,29.0,29.5,29.0,29.200001,332002,1.0
2002-03-26,1903,1903.TW,上市,30.1,30.799999,29.6,29.700001,1386503,1.0
2002-03-27,1903,1903.TW,上市,30.5,30.700001,29.299999,29.700001,1005007,1.0
2002-03-28,1903,1903.TW,上市,30.299999,30.299999,29.0,29.1,652331,1.0
2002-03-29,1903,1903.TW,上市,29.1,29.200001,28.4,28.5,318010,1.0
2002-04-01,1903,1903.TW,上市,28.200001,28.9,28.200001,28.799999,487620,1.0
2002-04-02,1903,1903.TW,上市,28.799999,29.4,28.700001,29.299999,689011,1.0
2002-04-03,1903,1903.TW,上市,29.4,31.299999,29.299999,31.299999,2067013,1.0
2002-04-04,1903,1903.TW,上市,32.700001,33.400002,32.400002,33.400002,1562042,1.0
2002-04-05,1903,1903.TW,上市,33.400002,33.400002,33.400002,33.400002,0,1.0
2002-04-08,1903,1903.TW,上市,34.5,35.700001,32.599998,35.700001,3127720,1.0
2002-04-09,1903,1903.TW,上市,35.700001,35.700001,33.299999,33.299999,1455387,1.0
2002-04-10,1903,1903.TW,上市,32.799999,32.799999,31.299999,31.6,787497,1.0
2002-04-11,1903,1903.TW,上市,31.799999,33.200001,31.799999,32.099998,824968,1.0
2002-04-12,1903,1903.TW,上市,31.5,32.099998,31.4,31.6,684999,1.0
2002-04-15,1903,1903.TW,上市,31.5,33.400002,31.5,32.5,738930,1.0
2002-04-16,1903,1903.TW,上市,33.0,33.799999,32.799999,33.299999,1315665,1.0
2002-04-17,1903,1903.TW,上市,34.0,34.099998,32.700001,33.299999,487069,1.0
2002-04-18,1903,1903.TW,上市,33.299999,33.900002,33.0,33.299999,591410,1.0
2002-04-19,1903,1903.TW,上市,33.299999,33.400002,31.700001,32.900002,811006,1.0
2002-04-22,1903,1903.TW,上市,32.900002,32.900002,31.700001,32.599998,1089006,1.0
2002-04-23,1903,1903.TW,上市,32.0,32.200001,30.4,31.0,1615016,1.0
2002-04-24,1903,1903.TW,上市,31.0,31.799999,30.799999,31.6,612073,1.0
2002-04-25,1903,1903.TW,上市,32.200001,33.799999,31.700001,32.5,3642354,1.0
2002-04-26,1903,1903.TW,上市,32.599998,32.799999,30.9,31.0,715033,1.0
2002-04-29,1903,1903.TW,上市,31.5,31.799999,31.0,31.1,425996,1.0
2002-04-30,1903,1903.TW,上市,31.4,31.4,29.700001,29.9,651978,1.0
2002-05-01,1903,1903.TW,上市,29.9,29.9,29.9,29.9,0,1.0
2002-05-02,1903,1903.TW,上市,30.200001,30.5,29.1,29.4,695000,1.0
2002-05-03,1903,1903.TW,上市,29.299999,29.799999,28.700001,29.700001,555004,1.0
2002-05-06,1903,1903.TW,上市,29.700001,29.700001,28.700001,28.700001,331783,1.0
2002-05-07,1903,1903.TW,上市,28.5,29.4,28.5,28.799999,140101,1.0
2002-05-08,1903,1903.TW,上市,28.5,30.0,28.5,29.6,467522,1.0
2002-05-09,1903,1903.TW,上市,30.5,30.5,28.799999,29.200001,492340,1.0
2002-05-10,1903,1903.TW,上市,28.799999,29.799999,28.5,29.5,542000,1.0
2002-05-13,1903,1903.TW,上市,29.700001,29.700001,28.799999,29.0,162001,1.0
2002-05-14,1903,1903.TW,上市,29.299999,29.5,28.299999,28.4,291692,1.0
2002-05-15,1903,1903.TW,上市,28.5,28.9,28.5,28.799999,251000,1.0
2002-05-16,1903,1903.TW,上市,28.799999,29.6,28.6,28.799999,496781,1.0
2002-05-17,1903,1903.TW,上市,29.799999,29.799999,28.9,29.299999,590000,1.0
2002-05-20,1903,1903.TW,上市,29.700001,29.799999,28.5,28.5,1029011,1.0
2002-05-21,1903,1903.TW,上市,28.1,28.4,27.0,27.0,396600,1.0
2002-05-22,1903,1903.TW,上市,27.0,27.6,26.799999,27.200001,265003,1.0
2002-05-23,1903,1903.TW,上市,27.299999,27.799999,27.299999,27.5,348014,1.0
2002-05-24,1903,1903.TW,上市,27.799999,28.1,27.6,28.0,260996,1.0
2002-05-27,1903,1903.TW,上市,27.799999,28.0,27.5,27.9,205000,1.0
2002-05-28,1903,1903.TW,上市,28.1,28.799999,28.0,28.1,211003,1.0
2002-05-29,1903,1903.TW,上市,28.1,28.1,27.700001,28.0,166030,1.0
2002-05-30,1903,1903.TW,上市,28.0,29.700001,28.0,28.9,638012,1.0
2002-05-31,1903,1903.TW,上市,29.5,29.5,28.5,28.6,298000,1.0
2002-06-03,1903,1903.TW,上市,28.6,28.9,27.5,27.5,195001,1.0
2002-06-04,1903,1903.TW,上市,26.5,27.9,26.5,27.9,125001,1.0
2002-06-05,1903,1903.TW,上市,27.9,28.6,27.6,28.6,195000,1.0
2002-06-06,1903,1903.TW,上市,28.6,30.4,28.1,29.299999,892833,1.0
2002-06-07,1903,1903.TW,上市,29.299999,30.799999,28.9,29.1,1103001,1.0
2002-06-10,1903,1903.TW,上市,29.1,29.4,28.6,29.0,322001,1.0
2002-06-11,1903,1903.TW,上市,29.1,29.200001,27.700001,27.9,405841,1.0
2002-06-12,1903,1903.TW,上市,28.0,28.4,27.5,28.200001,184200,1.0
2002-06-13,1903,1903.TW,上市,28.1,29.299999,28.1,29.0,1006000,1.0
2002-06-14,1903,1903.TW,上市,29.5,30.200001,29.4,29.4,1505001,1.0
2002-06-17,1903,1903.TW,上市,29.9,29.9,28.6,28.6,374002,1.0
2002-06-18,1903,1903.TW,上市,29.0,29.200001,28.6,28.799999,266299,1.0
2002-06-19,1903,1903.TW,上市,28.799999,29.0,28.1,28.299999,186010,1.0
2002-06-20,1903,1903.TW,上市,28.1,28.6,27.200001,28.5,331000,1.0
2002-06-21,1903,1903.TW,上市,28.200001,29.299999,28.0,28.799999,457000,1.0
2002-06-24,1903,1903.TW,上市,29.0,30.5,29.0,29.200001,1607030,1.0
2002-06-25,1903,1903.TW,上市,29.9,29.9,28.1,28.1,588050,1.0
2002-06-26,1903,1903.TW,上市,28.1,28.1,26.6,27.299999,516000,1.0
2002-06-27,1903,1903.TW,上市,27.200001,27.4,26.700001,26.700001,394000,1.0
2002-06-28,1903,1903.TW,上市,27.299999,27.4,26.799999,27.4,246480,1.0
2002-07-01,1903,1903.TW,上市,27.200001,27.200001,26.200001,26.299999,280000,1.0
2002-07-02,1903,1903.TW,上市,26.1,27.0,26.1,26.6,182744,1.0
2002-07-03,1903,1903.TW,上市,26.5,27.0,26.299999,26.700001,203000,1.0
2002-07-04,1903,1903.TW,上市,27.0,27.299999,26.799999,27.200001,329002,1.0
2002-07-05,1903,1903.TW,上市,27.200001,27.799999,27.200001,27.6,443000,1.0
2002-07-08,1903,1903.TW,上市,27.1,27.799999,27.1,27.299999,147002,1.0
2002-07-09,1903,1903.TW,上市,27.5,28.0,27.299999,27.299999,249010,1.0
2002-07-10,1903,1903.TW,上市,27.299999,27.4,27.1,27.1,132000,1.0
2002-07-11,1903,1903.TW,上市,27.1,27.200001,26.9,26.9,154738,1.0
2002-07-12,1903,1903.TW,上市,27.4,27.5,27.1,27.5,93000,1.0
2002-07-15,1903,1903.TW,上市,27.5,27.6,27.200001,27.200001,130001,1.0
2002-07-16,1903,1903.TW,上市,27.299999,27.5,27.200001,27.200001,125841,1.0
2002-07-17,1903,1903.TW,上市,26.700001,27.4,26.700001,27.0,69001,1.0
2002-07-18,1903,1903.TW,上市,27.200001,27.6,27.0,27.200001,292000,1.0
2002-07-19,1903,1903.TW,上市,27.299999,27.5,27.0,27.299999,115001,1.0
2002-07-22,1903,1903.TW,上市,27.0,27.0,26.6,26.6,174002,1.0
2002-07-23,1903,1903.TW,上市,26.5,27.0,26.5,26.799999,59000,1.0
2002-07-24,1903,1903.TW,上市,26.6,27.1,26.299999,26.6,114001,1.0
2002-07-25,1903,1903.TW,上市,27.0,27.5,26.799999,26.9,366461,1.0
2002-07-26,1903,1903.TW,上市,26.799999,26.799999,26.1,26.200001,153000,1.0
2002-07-29,1903,1903.TW,上市,26.5,26.9,26.1,26.1,107001,1.0
2002-07-30,1903,1903.TW,上市,26.299999,26.799999,26.299999,26.6,89000,1.0
2002-07-31,1903,1903.TW,上市,26.6,26.700001,26.1,26.1,252001,1.0
2002-08-01,1903,1903.TW,上市,26.200001,26.299999,26.200001,26.299999,32010,1.0
2002-08-02,1903,1903.TW,上市,26.1,26.200001,25.6,25.9,61001,1.0
2002-08-05,1903,1903.TW,上市,25.0,25.5,24.1,24.299999,291999,1.0
2002-08-06,1903,1903.TW,上市,23.4,24.1,23.4,23.5,144001,1.0
2002-08-07,1903,1903.TW,上市,24.299999,24.5,23.799999,24.200001,169720,1.0
2002-08-08,1903,1903.TW,上市,24.5,25.0,24.200001,24.5,218810,1.0
2002-08-09,1903,1903.TW,上市,25.0,25.5,25.0,25.200001,234000,1.0
2002-08-12,1903,1903.TW,上市,26.4,26.9,25.799999,26.9,559000,1.0
2002-08-13,1903,1903.TW,上市,28.700001,28.700001,27.4,27.4,1748084,1.0
2002-08-14,1903,1903.TW,上市,27.0,27.4,26.799999,27.200001,338923,1.0
2002-08-15,1903,1903.TW,上市,27.5,27.700001,27.0,27.1,329000,1.0
2002-08-16,1903,1903.TW,上市,27.4,27.799999,26.700001,26.700001,449000,1.0
2002-08-19,1903,1903.TW,上市,26.700001,26.9,26.200001,26.700001,111688,1.0
2002-08-20,1903,1903.TW,上市,26.5,27.299999,26.5,26.9,87003,1.0
2002-08-21,1903,1903.TW,上市,26.299999,26.799999,26.1,26.299999,110000,1.0
2002-08-22,1903,1903.TW,上市,26.700001,26.700001,26.299999,26.5,102800,1.0
2002-08-23,1903,1903.TW,上市,26.5,26.5,26.5,26.5,0,1.0
2002-08-26,1903,1903.TW,上市,26.299999,26.299999,25.799999,25.799999,87000,1.0
2002-08-27,1903,1903.TW,上市,26.200001,26.200001,25.799999,25.799999,62485,1.0
2002-08-28,1903,1903.TW,上市,25.799999,26.1,25.700001,25.799999,64004,1.0
2002-08-29,1903,1903.TW,上市,25.6,25.700001,25.1,25.4,78011,1.0
2002-08-30,1903,1903.TW,上市,25.299999,25.5,25.1,25.200001,88502,1.0
2002-09-02,1903,1903.TW,上市,25.299999,25.299999,24.9,25.0,88011,1.0
2002-09-03,1903,1903.TW,上市,25.299999,25.299999,24.5,24.5,79002,1.0
2002-09-04,1903,1903.TW,上市,24.200001,24.5,24.0,24.0,166421,1.0
2002-09-05,1903,1903.TW,上市,24.0,24.200001,23.5,23.6,118102,1.0
2002-09-06,1903,1903.TW,上市,23.6,23.6,23.6,23.6,0,1.0
2002-09-09,1903,1903.TW,上市,23.6,24.5,23.4,23.700001,76001,1.0
2002-09-10,1903,1903.TW,上市,23.700001,24.5,23.700001,24.200001,69522,1.0
2002-09-11,1903,1903.TW,上市,24.299999,24.700001,24.200001,24.200001,57569,1.0
2002-09-12,1903,1903.TW,上市,24.6,24.799999,24.299999,24.5,42002,1.0
2002-09-13,1903,1903.TW,上市,24.200001,24.4,24.1,24.1,7399,1.0
2002-09-16,1903,1903.TW,上市,24.0,24.0,23.299999,23.4,51018,1.0
2002-09-17,1903,1903.TW,上市,23.5,24.200001,23.4,24.200001,38001,1.0
2002-09-18,1903,1903.TW,上市,24.200001,24.200001,23.5,24.1,27163,1.0
2002-09-19,1903,1903.TW,上市,24.4,24.4,23.6,24.299999,22228,1.0
2002-09-20,1903,1903.TW,上市,24.0,24.0,23.6,24.0,27000,1.0
2002-09-23,1903,1903.TW,上市,23.299999,23.799999,23.299999,23.799999,99000,1.0
2002-09-24,1903,1903.TW,上市,23.700001,23.700001,23.200001,23.5,56000,1.0
2002-09-25,1903,1903.TW,上市,23.5,23.5,22.5,22.700001,120600,1.0
2002-09-26,1903,1903.TW,上市,22.9,23.1,22.700001,23.0,46282,1.0
2002-09-27,1903,1903.TW,上市,23.0,23.0,22.5,22.799999,58036,1.0
2002-09-30,1903,1903.TW,上市,22.5,22.5,22.1,22.5,50451,1.0
2002-10-01,1903,1903.TW,上市,22.4,22.9,22.299999,22.4,78002,1.0
2002-10-02,1903,1903.TW,上市,22.700001,23.6,22.700001,23.1,115005,1.0
2002-10-03,1903,1903.TW,上市,23.1,23.1,22.6,22.700001,111007,1.0
2002-10-04,1903,1903.TW,上市,22.4,23.200001,22.4,23.0,40037,1.0
2002-10-07,1903,1903.TW,上市,22.799999,22.799999,22.200001,22.299999,65005,1.0
2002-10-08,1903,1903.TW,上市,22.299999,22.6,22.200001,22.5,93290,1.0
2002-10-09,1903,1903.TW,上市,22.6,22.799999,22.5,22.5,97176,1.0
2002-10-10,1903,1903.TW,上市,22.5,22.5,22.5,22.5,0,1.0
2002-10-11,1903,1903.TW,上市,22.5,22.799999,22.1,22.1,129560,1.0
2002-10-14,1903,1903.TW,上市,22.0,22.4,22.0,22.4,45002,1.0
2002-10-15,1903,1903.TW,上市,22.4,23.5,22.4,23.5,186011,1.0
2002-10-16,1903,1903.TW,上市,23.6,23.700001,22.6,23.0,97338,1.0
2002-10-17,1903,1903.TW,上市,23.0,23.5,22.9,23.1,176000,1.0
2002-10-18,1903,1903.TW,上市,23.5,24.0,23.4,23.799999,173020,1.0
2002-10-21,1903,1903.TW,上市,23.799999,23.799999,23.5,23.700001,57698,1.0
2002-10-22,1903,1903.TW,上市,23.799999,24.299999,23.4,23.700001,111010,1.0
2002-10-23,1903,1903.TW,上市,23.4,23.9,23.1,23.9,55010,1.0
2002-10-24,1903,1903.TW,上市,24.5,24.5,24.0,24.200001,172840,1.0
2002-10-25,1903,1903.TW,上市,24.200001,24.5,23.6,23.799999,124004,1.0
2002-10-28,1903,1903.TW,上市,23.799999,24.200001,23.5,23.799999,71010,1.0
2002-10-29,1903,1903.TW,上市,23.6,23.9,23.299999,23.5,63010,1.0
2002-10-30,1903,1903.TW,上市,23.5,24.0,23.200001,23.200001,54010,1.0
2002-10-31,1903,1903.TW,上市,23.5,23.799999,23.299999,23.5,42069,1.0
2002-11-01,1903,1903.TW,上市,23.5,23.700001,23.0,23.1,91050,1.0
2002-11-04,1903,1903.TW,上市,23.5,23.799999,23.299999,23.6,162209,1.0
2002-11-05,1903,1903.TW,上市,23.700001,24.299999,23.5,23.6,216031,1.0
2002-11-06,1903,1903.TW,上市,23.6,24.0,23.5,23.799999,57853,1.0
2002-11-07,1903,1903.TW,上市,24.0,24.200001,23.700001,24.0,70000,1.0
2002-11-08,1903,1903.TW,上市,24.0,24.299999,23.700001,24.0,176040,1.0
2002-11-11,1903,1903.TW,上市,24.4,25.6,24.200001,25.6,891000,1.0
2002-11-12,1903,1903.TW,上市,24.1,25.5,24.1,25.5,278998,1.0
2002-11-13,1903,1903.TW,上市,25.5,25.6,25.0,25.200001,143000,1.0
2002-11-14,1903,1903.TW,上市,25.200001,25.799999,25.0,25.799999,263020,1.0
2002-11-15,1903,1903.TW,上市,25.9,25.9,25.4,25.9,169184,1.0
2002-11-18,1903,1903.TW,上市,25.9,26.200001,25.6,25.700001,187030,1.0
2002-11-19,1903,1903.TW,上市,25.6,26.0,25.0,25.1,101059,1.0
2002-11-20,1903,1903.TW,上市,25.0,25.200001,24.9,24.9,104555,1.0
2002-11-21,1903,1903.TW,上市,24.9,24.9,24.5,24.5,58259,1.0
2002-11-22,1903,1903.TW,上市,24.9,25.0,24.6,24.700001,22399,1.0
2002-11-25,1903,1903.TW,上市,25.1,26.0,25.1,25.5,139000,1.0
2002-11-26,1903,1903.TW,上市,25.5,25.6,24.6,24.799999,93980,1.0
2002-11-27,1903,1903.TW,上市,24.9,24.9,24.5,24.6,56209,1.0
2002-11-28,1903,1903.TW,上市,25.200001,25.5,24.6,24.6,182000,1.0
2002-11-29,1903,1903.TW,上市,25.200001,25.200001,24.5,25.0,105028,1.0
2002-12-02,1903,1903.TW,上市,25.0,25.0,25.0,25.0,0,1.0
2002-12-03,1903,1903.TW,上市,24.5,25.1,24.5,24.9,69489,1.0
2002-12-04,1903,1903.TW,上市,24.9,25.200001,24.6,24.6,61001,1.0
2002-12-05,1903,1903.TW,上市,25.0,25.4,24.9,25.4,145865,1.0
2002-12-06,1903,1903.TW,上市,25.4,25.4,25.0,25.0,84000,1.0
2002-12-09,1903,1903.TW,上市,25.9,26.0,25.299999,25.799999,318000,1.0
2002-12-10,1903,1903.TW,上市,24.700001,26.6,24.700001,25.700001,602100,1.0
2002-12-11,1903,1903.TW,上市,26.299999,27.0,25.299999,25.6,1029000,1.0
2002-12-12,1903,1903.TW,上市,25.799999,26.200001,25.299999,25.4,228219,1.0
2002-12-13,1903,1903.TW,上市,25.799999,26.0,24.4,24.4,221811,1.0
2002-12-16,1903,1903.TW,上市,25.0,25.200001,24.4,24.6,73299,1.0
2002-12-17,1903,1903.TW,上市,24.799999,24.799999,24.200001,24.5,107000,1.0
2002-12-18,1903,1903.TW,上市,24.6,25.9,24.6,25.9,484418,1.0
2002-12-19,1903,1903.TW,上市,25.799999,25.799999,25.1,25.1,333002,1.0
2002-12-20,1903,1903.TW,上市,25.299999,25.700001,24.5,24.700001,408000,1.0
2002-12-23,1903,1903.TW,上市,24.700001,25.200001,24.700001,24.700001,78977,1.0
2002-12-24,1903,1903.TW,上市,25.200001,25.200001,24.5,24.5,72400,1.0
2002-12-25,1903,1903.TW,上市,24.5,24.5,24.1,24.200001,157499,1.0
2002-12-26,1903,1903.TW,上市,24.200001,24.4,23.9,24.1,133569,1.0
2002-12-27,1903,1903.TW,上市,24.1,24.9,24.1,24.4,117502,1.0
2002-12-30,1903,1903.TW,上市,24.4,24.700001,24.4,24.4,154000,1.0
2002-12-31,1903,1903.TW,上市,24.6,24.6,24.1,24.1,72000,1.0
2003-01-01,1903,1903.TW,上市,24.1,24.1,24.1,24.1,0,1.0
2003-01-02,1903,1903.TW,上市,24.6,25.700001,24.6,25.700001,512000,1.0
2003-01-03,1903,1903.TW,上市,27.4,27.4,26.799999,27.4,1015841,1.0
2003-01-06,1903,1903.TW,上市,28.200001,28.799999,27.6,27.9,1618677,1.0
2003-01-07,1903,1903.TW,上市,28.5,28.5,26.200001,27.299999,943160,1.0
2003-01-08,1903,1903.TW,上市,27.0,28.299999,27.0,28.0,765001,1.0
2003-01-09,1903,1903.TW,上市,27.799999,28.799999,27.4,28.0,2029000,1.0
2003-01-10,1903,1903.TW,上市,28.799999,28.799999,27.700001,27.9,1058422,1.0
2003-01-13,1903,1903.TW,上市,28.0,28.4,27.5,27.5,451569,1.0
2003-01-14,1903,1903.TW,上市,27.9,28.4,27.299999,27.5,1118001,1.0
2003-01-15,1903,1903.TW,上市,28.0,29.299999,27.6,28.5,2280000,1.0
2003-01-16,1903,1903.TW,上市,28.5,30.4,28.5,30.4,4323001,1.0
2003-01-17,1903,1903.TW,上市,30.700001,30.9,28.700001,28.9,1545853,1.0
2003-01-20,1903,1903.TW,上市,28.0,30.299999,28.0,29.4,1957001,1.0
2003-01-21,1903,1903.TW,上市,29.700001,30.9,28.1,28.1,1917997,1.0
2003-01-22,1903,1903.TW,上市,28.4,29.5,28.1,28.6,1472003,1.0
2003-01-23,1903,1903.TW,上市,28.6,29.200001,27.5,27.6,987101,1.0
2003-01-24,1903,1903.TW,上市,27.6,28.6,27.6,27.799999,901000,1.0
2003-01-27,1903,1903.TW,上市,27.799999,28.299999,26.9,27.1,624000,1.0
2003-01-28,1903,1903.TW,上市,27.4,27.6,26.9,26.9,413000,1.0
2003-01-29,1903,1903.TW,上市,26.9,26.9,26.9,26.9,0,1.0
2003-01-30,1903,1903.TW,上市,26.9,26.9,26.9,26.9,0,1.0
2003-01-31,1903,1903.TW,上市,26.9,26.9,26.9,26.9,0,1.0
2003-02-03,1903,1903.TW,上市,26.9,26.9,26.9,26.9,0,1.0
2003-02-04,1903,1903.TW,上市,26.9,26.9,26.9,26.9,0,1.0
2003-02-05,1903,1903.TW,上市,26.9,26.9,26.9,26.9,0,1.0
2003-02-06,1903,1903.TW,上市,27.0,28.299999,27.0,27.200001,708000,1.0
2003-02-07,1903,1903.TW,上市,27.200001,28.200001,26.0,26.299999,988000,1.0
2003-02-10,1903,1903.TW,上市,26.299999,26.6,25.4,25.4,318001,1.0
2003-02-11,1903,1903.TW,上市,25.9,25.9,25.1,25.200001,215000,1.0
2003-02-12,1903,1903.TW,上市,25.200001,26.1,25.200001,25.799999,187100,1.0
2003-02-13,1903,1903.TW,上市,26.0,26.6,25.5,25.5,375010,1.0
2003-02-14,1903,1903.TW,上市,25.9,25.9,25.1,25.1,285000,1.0
2003-02-17,1903,1903.TW,上市,25.700001,25.9,25.4,25.9,197722,1.0
2003-02-18,1903,1903.TW,上市,26.0,26.0,25.200001,25.799999,110031,1.0
2003-02-19,1903,1903.TW,上市,25.799999,25.9,25.1,25.200001,145000,1.0
2003-02-20,1903,1903.TW,上市,25.5,25.5,24.4,24.9,219003,1.0
2003-02-21,1903,1903.TW,上市,25.0,25.1,24.799999,24.799999,128581,1.0
2003-02-24,1903,1903.TW,上市,24.799999,24.799999,24.6,24.6,103000,1.0
2003-02-25,1903,1903.TW,上市,24.6,24.6,24.1,24.1,168001,1.0
2003-02-26,1903,1903.TW,上市,24.299999,24.299999,23.9,24.0,86000,1.0
2003-02-27,1903,1903.TW,上市,22.6,23.9,22.6,23.4,164103,1.0
2003-02-28,1903,1903.TW,上市,23.4,23.4,23.4,23.4,0,1.0
2003-03-03,1903,1903.TW,上市,24.0,24.299999,23.799999,24.0,105200,1.0
2003-03-04,1903,1903.TW,上市,24.0,24.4,23.799999,24.0,99943,1.0
2003-03-05,1903,1903.TW,上市,24.0,24.0,23.299999,23.299999,107000,1.0
2003-03-06,1903,1903.TW,上市,23.5,23.799999,23.5,23.5,92001,1.0
2003-03-07,1903,1903.TW,上市,23.200001,23.200001,22.6,23.1,109041,1.0
2003-03-10,1903,1903.TW,上市,22.799999,23.200001,22.5,22.6,187425,1.0
2003-03-11,1903,1903.TW,上市,22.4,22.700001,22.4,22.6,96000,1.0
2003-03-12,1903,1903.TW,上市,23.0,23.1,22.6,23.1,157151,1.0
2003-03-13,1903,1903.TW,上市,23.0,23.5,22.9,23.200001,88002,1.0
2003-03-14,1903,1903.TW,上市,23.6,24.200001,23.6,23.799999,266154,1.0
2003-03-17,1903,1903.TW,上市,23.799999,23.799999,23.200001,23.200001,97000,1.0
2003-03-18,1903,1903.TW,上市,23.799999,24.200001,23.6,23.700001,144001,1.0
2003-03-19,1903,1903.TW,上市,23.700001,23.700001,23.1,23.200001,95000,1.0
2003-03-20,1903,1903.TW,上市,23.200001,23.5,23.0,23.5,130000,1.0
2003-03-21,1903,1903.TW,上市,23.4,23.700001,23.299999,23.5,167032,1.0
2003-03-24,1903,1903.TW,上市,23.5,23.700001,23.5,23.5,58793,1.0
2003-03-25,1903,1903.TW,上市,23.0,23.200001,22.799999,23.0,53012,1.0
2003-03-26,1903,1903.TW,上市,23.200001,24.6,23.200001,23.9,471252,1.0
2003-03-27,1903,1903.TW,上市,24.4,24.4,23.700001,23.799999,171080,1.0
2003-03-28,1903,1903.TW,上市,24.1,24.1,23.0,23.0,94001,1.0
2003-03-31,1903,1903.TW,上市,23.0,23.299999,22.6,23.0,266929,1.0
2003-04-01,1903,1903.TW,上市,22.799999,23.0,22.6,22.700001,93080,1.0
2003-04-02,1903,1903.TW,上市,23.0,23.1,22.700001,22.799999,83718,1.0
2003-04-03,1903,1903.TW,上市,23.0,23.200001,22.6,22.700001,85002,1.0
2003-04-04,1903,1903.TW,上市,22.700001,23.1,22.700001,23.0,130505,1.0
2003-04-07,1903,1903.TW,上市,23.200001,23.700001,23.0,23.200001,176000,1.0
2003-04-08,1903,1903.TW,上市,23.200001,24.4,23.200001,23.5,546289,1.0
2003-04-09,1903,1903.TW,上市,23.5,24.0,23.4,23.700001,146091,1.0
2003-04-10,1903,1903.TW,上市,23.6,24.200001,23.5,23.6,117002,1.0
2003-04-11,1903,1903.TW,上市,23.6,23.9,23.6,23.700001,107713,1.0
2003-04-14,1903,1903.TW,上市,24.299999,24.299999,23.299999,23.299999,221002,1.0
2003-04-15,1903,1903.TW,上市,23.5,23.5,23.1,23.1,166120,1.0
2003-04-16,1903,1903.TW,上市,23.200001,23.6,23.200001,23.4,73032,1.0
2003-04-17,1903,1903.TW,上市,23.4,23.799999,23.4,23.799999,710000,1.0
2003-04-18,1903,1903.TW,上市,24.0,24.1,23.5,23.5,215002,1.0
2003-04-21,1903,1903.TW,上市,23.9,23.9,23.5,23.6,167003,1.0
2003-04-22,1903,1903.TW,上市,23.6,23.6,23.200001,23.200001,87730,1.0
2003-04-23,1903,1903.TW,上市,23.5,23.5,23.0,23.200001,88104,1.0
2003-04-24,1903,1903.TW,上市,23.200001,23.299999,21.700001,22.299999,267336,1.0
2003-04-25,1903,1903.TW,上市,21.700001,22.0,21.6,21.799999,159811,1.0
2003-04-28,1903,1903.TW,上市,21.1,21.1,20.299999,20.4,238572,1.0
2003-04-29,1903,1903.TW,上市,20.5,21.0,20.4,20.6,177760,1.0
2003-04-30,1903,1903.TW,上市,20.799999,20.799999,19.5,19.6,226687,1.0
2003-05-01,1903,1903.TW,上市,19.6,19.6,19.6,19.6,0,1.0
2003-05-02,1903,1903.TW,上市,19.6,19.6,18.6,19.299999,203002,1.0
2003-05-05,1903,1903.TW,上市,19.0,19.4,19.0,19.4,113101,1.0
2003-05-06,1903,1903.TW,上市,18.6,19.700001,18.6,19.299999,114000,1.0
2003-05-07,1903,1903.TW,上市,19.4,19.9,19.299999,19.9,147617,1.0
2003-05-08,1903,1903.TW,上市,20.0,20.0,19.5,19.700001,92010,1.0
2003-05-09,1903,1903.TW,上市,19.700001,20.1,19.700001,19.700001,101090,1.0
2003-05-12,1903,1903.TW,上市,19.799999,19.799999,19.5,19.5,49013,1.0
2003-05-13,1903,1903.TW,上市,19.9,20.0,19.6,19.9,92017,1.0
2003-05-14,1903,1903.TW,上市,20.0,20.0,19.6,19.799999,137348,1.0
2003-05-15,1903,1903.TW,上市,19.799999,19.799999,19.5,19.6,30000,1.0
2003-05-16,1903,1903.TW,上市,19.6,19.799999,19.4,19.700001,69000,1.0
2003-05-19,1903,1903.TW,上市,19.4,19.5,19.200001,19.200001,26485,1.0
2003-05-20,1903,1903.TW,上市,19.0,19.4,19.0,19.0,45712,1.0
2003-05-21,1903,1903.TW,上市,19.0,19.1,18.9,18.9,71170,1.0
2003-05-22,1903,1903.TW,上市,19.1,19.200001,19.0,19.200001,33022,1.0
2003-05-23,1903,1903.TW,上市,19.200001,19.700001,19.200001,19.6,133733,1.0
2003-05-26,1903,1903.TW,上市,19.799999,20.5,19.799999,20.4,272001,1.0
2003-05-27,1903,1903.TW,上市,20.4,20.5,20.200001,20.5,62003,1.0
2003-05-28,1903,1903.TW,上市,21.799999,21.799999,20.6,20.700001,293002,1.0
2003-05-29,1903,1903.TW,上市,20.700001,20.700001,20.4,20.4,71923,1.0
2003-05-30,1903,1903.TW,上市,20.299999,20.9,20.299999,20.5,117741,1.0
2003-06-02,1903,1903.TW,上市,20.6,21.200001,20.5,21.0,178019,1.0
2003-06-03,1903,1903.TW,上市,21.0,21.6,21.0,21.1,771000,1.0
2003-06-04,1903,1903.TW,上市,21.1,21.1,21.1,21.1,0,1.0
2003-06-05,1903,1903.TW,上市,21.5,21.5,20.799999,21.0,182005,1.0
2003-06-06,1903,1903.TW,上市,21.1,21.5,21.0,21.299999,372005,1.0
2003-06-09,1903,1903.TW,上市,21.1,21.5,21.1,21.200001,413000,1.0
2003-06-10,1903,1903.TW,上市,21.200001,21.6,21.200001,21.4,413005,1.0
2003-06-11,1903,1903.TW,上市,21.700001,22.0,21.5,21.5,347001,1.0
2003-06-12,1903,1903.TW,上市,21.700001,22.1,21.6,21.6,273006,1.0
2003-06-13,1903,1903.TW,上市,22.0,22.0,21.5,21.6,117001,1.0
2003-06-16,1903,1903.TW,上市,21.6,22.0,21.6,21.6,247000,1.0
2003-06-17,1903,1903.TW,上市,21.6,21.9,21.0,21.0,250000,1.0
2003-06-18,1903,1903.TW,上市,21.1,21.6,21.0,21.200001,329000,1.0
2003-06-19,1903,1903.TW,上市,21.5,21.5,21.0,21.200001,230016,1.0
2003-06-20,1903,1903.TW,上市,21.299999,21.299999,20.799999,20.9,183003,1.0
2003-06-23,1903,1903.TW,上市,21.200001,21.5,20.9,21.5,126300,1.0
2003-06-24,1903,1903.TW,上市,21.5,21.5,21.0,21.4,62581,1.0
2003-06-25,1903,1903.TW,上市,21.4,22.0,21.4,21.6,292205,1.0
2003-06-26,1903,1903.TW,上市,21.799999,22.0,21.299999,21.4,180000,1.0
2003-06-27,1903,1903.TW,上市,21.5,21.5,21.0,21.0,239000,1.0
2003-06-30,1903,1903.TW,上市,20.9,21.6,20.9,21.4,98555,1.0
2003-07-01,1903,1903.TW,上市,21.9,22.799999,21.5,22.799999,1239021,1.0
2003-07-02,1903,1903.TW,上市,23.9,24.200001,22.799999,22.799999,1326841,1.0
2003-07-03,1903,1903.TW,上市,23.1,23.5,22.6,23.0,549097,1.0
2003-07-04,1903,1903.TW,上市,23.200001,23.200001,22.5,22.6,152654,1.0
2003-07-07,1903,1903.TW,上市,22.9,23.299999,22.299999,22.9,383101,1.0
2003-07-08,1903,1903.TW,上市,23.5,23.6,23.0,23.299999,406442,1.0
2003-07-09,1903,1903.TW,上市,23.5,23.799999,23.0,23.5,310150,1.0
2003-07-10,1903,1903.TW,上市,25.1,25.1,24.6,25.1,1884627,1.0
2003-07-11,1903,1903.TW,上市,26.4,26.4,23.5,23.5,1240126,1.0
2003-07-14,1903,1903.TW,上市,23.4,23.9,23.200001,23.6,275305,1.0
2003-07-15,1903,1903.TW,上市,23.9,24.5,23.9,24.200001,439001,1.0
2003-07-16,1903,1903.TW,上市,24.5,24.6,23.799999,23.9,435000,1.0
2003-07-17,1903,1903.TW,上市,25.299999,25.299999,23.9,24.0,393600,1.0
2003-07-18,1903,1903.TW,上市,24.200001,24.299999,23.4,23.9,338000,1.0
2003-07-21,1903,1903.TW,上市,24.200001,24.200001,23.5,23.5,205000,1.0
2003-07-22,1903,1903.TW,上市,23.6,23.6,23.200001,23.299999,218226,1.0
2003-07-23,1903,1903.TW,上市,23.700001,23.700001,23.1,23.299999,166000,1.0
2003-07-24,1903,1903.TW,上市,23.5,23.700001,23.1,23.1,412363,1.0
2003-07-25,1903,1903.TW,上市,23.4,23.4,23.1,23.1,173000,1.0
2003-07-28,1903,1903.TW,上市,23.1,23.9,23.1,23.4,230000,1.0
2003-07-29,1903,1903.TW,上市,23.5,23.5,22.700001,22.9,189524,1.0
2003-07-30,1903,1903.TW,上市,23.0,23.0,22.6,22.700001,83336,1.0
2003-07-31,1903,1903.TW,上市,23.200001,23.200001,22.6,22.9,179000,1.0
2003-08-01,1903,1903.TW,上市,23.0,23.0,22.6,22.700001,72590,1.0
2003-08-04,1903,1903.TW,上市,23.0,23.0,22.5,22.700001,98000,1.0
2003-08-05,1903,1903.TW,上市,22.700001,23.0,22.299999,23.0,224000,1.0
2003-08-06,1903,1903.TW,上市,22.799999,22.799999,22.299999,22.299999,108634,1.0
2003-08-07,1903,1903.TW,上市,22.299999,22.5,21.799999,22.299999,115428,1.0
2003-08-08,1903,1903.TW,上市,22.200001,23.200001,22.0,22.700001,273340,1.0
2003-08-11,1903,1903.TW,上市,22.700001,22.9,21.799999,22.5,120800,1.0
2003-08-12,1903,1903.TW,上市,22.200001,22.700001,22.1,22.5,93000,1.0
2003-08-13,1903,1903.TW,上市,22.700001,23.0,22.6,23.0,199001,1.0
2003-08-14,1903,1903.TW,上市,23.0,23.799999,23.0,23.1,367712,1.0
2003-08-15,1903,1903.TW,上市,23.4,23.700001,22.9,23.299999,275000,1.0
2003-08-18,1903,1903.TW,上市,22.799999,23.5,22.700001,23.4,199001,1.0
2003-08-19,1903,1903.TW,上市,23.6,23.700001,23.299999,23.299999,219167,1.0
2003-08-20,1903,1903.TW,上市,23.4,23.4,23.1,23.200001,84001,1.0
2003-08-21,1903,1903.TW,上市,22.700001,23.4,22.700001,22.799999,155000,1.0
2003-08-22,1903,1903.TW,上市,23.4,23.4,22.9,23.200001,121000,1.0
2003-08-25,1903,1903.TW,上市,23.6,24.799999,23.4,24.799999,1441083,1.0
2003-08-26,1903,1903.TW,上市,24.799999,24.799999,23.6,24.1,775639,1.0
2003-08-27,1903,1903.TW,上市,23.700001,24.1,23.6,23.6,348361,1.0
2003-08-28,1903,1903.TW,上市,23.700001,23.9,22.799999,23.1,373581,1.0
2003-08-29,1903,1903.TW,上市,23.1,23.5,23.1,23.5,173000,1.0
2003-09-01,1903,1903.TW,上市,23.9,25.1,23.9,25.1,1743000,1.0
2003-09-02,1903,1903.TW,上市,25.1,26.4,24.6,26.0,3364235,1.0
2003-09-03,1903,1903.TW,上市,26.1,26.6,25.5,26.200001,2057002,1.0
2003-09-04,1903,1903.TW,上市,26.200001,26.4,25.5,26.200001,1207115,1.0
2003-09-05,1903,1903.TW,上市,26.4,26.4,25.700001,26.200001,310000,1.0
2003-09-08,1903,1903.TW,上市,26.0,26.0,25.5,26.0,558001,1.0
2003-09-09,1903,1903.TW,上市,26.0,26.0,24.5,25.4,699079,1.0
2003-09-10,1903,1903.TW,上市,24.6,25.1,24.299999,25.1,333000,1.0
2003-09-11,1903,1903.TW,上市,25.1,25.1,25.1,25.1,0,1.0
2003-09-12,1903,1903.TW,上市,25.0,25.1,24.799999,25.1,187000,1.0
2003-09-15,1903,1903.TW,上市,25.1,25.299999,25.0,25.299999,293000,1.0
2003-09-16,1903,1903.TW,上市,25.299999,25.4,24.9,25.4,189000,1.0
2003-09-17,1903,1903.TW,上市,25.5,26.299999,25.5,25.5,453001,1.0
2003-09-18,1903,1903.TW,上市,25.799999,26.200001,25.5,25.799999,357000,1.0
2003-09-19,1903,1903.TW,上市,26.200001,27.1,26.0,27.0,1063610,1.0
2003-09-22,1903,1903.TW,上市,27.0,28.200001,26.799999,27.9,1255018,1.0
2003-09-23,1903,1903.TW,上市,27.9,28.4,26.799999,26.799999,732047,1.0
2003-09-24,1903,1903.TW,上市,26.799999,27.700001,26.799999,26.9,625001,1.0
2003-09-25,1903,1903.TW,上市,27.0,27.0,26.200001,26.299999,368330,1.0
2003-09-26,1903,1903.TW,上市,26.299999,26.5,25.9,26.1,324000,1.0
2003-09-29,1903,1903.TW,上市,26.1,26.799999,26.1,26.200001,751001,1.0
2003-09-30,1903,1903.TW,上市,26.5,26.5,25.6,25.799999,345806,1.0
2003-10-01,1903,1903.TW,上市,25.299999,25.5,25.1,25.5,212266,1.0
2003-10-02,1903,1903.TW,上市,25.700001,26.200001,25.4,25.799999,265000,1.0
2003-10-03,1903,1903.TW,上市,25.799999,26.6,25.799999,26.4,454415,1.0
2003-10-06,1903,1903.TW,上市,26.4,26.9,26.200001,26.799999,719001,1.0
2003-10-07,1903,1903.TW,上市,26.9,26.9,26.200001,26.200001,288001,1.0
2003-10-08,1903,1903.TW,上市,26.200001,27.1,26.200001,26.6,914000,1.0
2003-10-09,1903,1903.TW,上市,26.5,27.200001,26.299999,26.6,598000,1.0
2003-10-10,1903,1903.TW,上市,26.6,26.6,26.6,26.6,0,1.0
2003-10-13,1903,1903.TW,上市,28.200001,28.4,27.6,28.4,658210,1.0
2003-10-14,1903,1903.TW,上市,30.0,30.1,28.4,28.6,2211025,1.0
2003-10-15,1903,1903.TW,上市,28.700001,28.700001,27.4,27.700001,436001,1.0
2003-10-16,1903,1903.TW,上市,27.799999,28.5,27.700001,27.700001,420094,1.0
2003-10-17,1903,1903.TW,上市,27.9,27.9,27.299999,27.4,278159,1.0
2003-10-20,1903,1903.TW,上市,27.700001,28.299999,27.4,28.1,378000,1.0
2003-10-21,1903,1903.TW,上市,28.299999,29.200001,27.9,28.799999,1034005,1.0
2003-10-22,1903,1903.TW,上市,29.200001,29.5,28.4,28.4,716000,1.0
2003-10-23,1903,1903.TW,上市,28.200001,28.4,27.6,28.0,244920,1.0
2003-10-24,1903,1903.TW,上市,28.0,28.200001,27.700001,27.700001,161200,1.0
2003-10-27,1903,1903.TW,上市,27.700001,28.299999,27.700001,27.799999,216000,1.0
2003-10-28,1903,1903.TW,上市,28.1,28.299999,27.799999,27.799999,194137,1.0
2003-10-29,1903,1903.TW,上市,27.799999,28.299999,27.5,27.5,340000,1.0
2003-10-30,1903,1903.TW,上市,27.5,27.9,27.5,27.6,318000,1.0
2003-10-31,1903,1903.TW,上市,27.4,27.6,27.299999,27.299999,103050,1.0
2003-11-03,1903,1903.TW,上市,27.299999,27.799999,27.200001,27.700001,410005,1.0
2003-11-04,1903,1903.TW,上市,27.700001,27.9,27.299999,27.299999,422003,1.0
2003-11-05,1903,1903.TW,上市,27.299999,27.6,27.200001,27.4,280336,1.0
2003-11-06,1903,1903.TW,上市,27.4,28.0,26.9,26.9,588799,1.0
2003-11-07,1903,1903.TW,上市,26.9,27.0,26.299999,26.799999,422040,1.0
2003-11-10,1903,1903.TW,上市,26.700001,26.799999,26.1,26.200001,246000,1.0
2003-11-11,1903,1903.TW,上市,26.200001,26.4,26.0,26.4,287000,1.0
2003-11-12,1903,1903.TW,上市,26.4,27.1,26.299999,26.299999,292000,1.0
2003-11-13,1903,1903.TW,上市,26.299999,26.299999,25.799999,26.1,280720,1.0
2003-11-14,1903,1903.TW,上市,26.1,26.200001,25.799999,25.799999,257500,1.0
2003-11-17,1903,1903.TW,上市,25.799999,25.799999,25.6,25.700001,89014,1.0
2003-11-18,1903,1903.TW,上市,25.6,25.700001,25.5,25.6,143000,1.0
2003-11-19,1903,1903.TW,上市,25.6,26.299999,25.299999,25.6,391861,1.0
2003-11-20,1903,1903.TW,上市,25.6,25.6,25.1,25.4,223490,1.0
2003-11-21,1903,1903.TW,上市,25.1,25.4,25.1,25.299999,137510,1.0
2003-11-24,1903,1903.TW,上市,25.299999,25.6,25.1,25.6,202815,1.0
2003-11-25,1903,1903.TW,上市,25.6,25.799999,25.4,25.4,176000,1.0
2003-11-26,1903,1903.TW,上市,25.4,26.299999,25.4,25.5,242012,1.0
2003-11-27,1903,1903.TW,上市,25.4,25.5,25.200001,25.200001,87502,1.0
2003-11-28,1903,1903.TW,上市,25.200001,25.4,25.200001,25.200001,111003,1.0
2003-12-01,1903,1903.TW,上市,25.200001,25.4,25.1,25.4,94128,1.0
2003-12-02,1903,1903.TW,上市,25.4,25.4,25.200001,25.200001,42058,1.0
2003-12-03,1903,1903.TW,上市,25.1,25.200001,25.0,25.0,90000,1.0
2003-12-04,1903,1903.TW,上市,25.0,25.299999,25.0,25.0,93999,1.0
2003-12-05,1903,1903.TW,上市,25.0,25.4,24.9,25.0,85847,1.0
2003-12-08,1903,1903.TW,上市,25.0,25.299999,24.799999,25.200001,112398,1.0
2003-12-09,1903,1903.TW,上市,25.299999,25.299999,25.0,25.1,50008,1.0
2003-12-10,1903,1903.TW,上市,25.0,25.1,24.9,25.0,90672,1.0
2003-12-11,1903,1903.TW,上市,25.1,25.1,24.799999,24.799999,57299,1.0
2003-12-12,1903,1903.TW,上市,25.200001,25.4,24.9,25.1,166000,1.0
2003-12-15,1903,1903.TW,上市,25.1,25.299999,25.0,25.1,100005,1.0
2003-12-16,1903,1903.TW,上市,25.200001,25.6,25.200001,25.299999,251001,1.0
2003-12-17,1903,1903.TW,上市,25.4,25.4,24.6,25.0,164003,1.0
2003-12-18,1903,1903.TW,上市,24.6,24.799999,24.6,24.799999,131897,1.0
2003-12-19,1903,1903.TW,上市,24.799999,25.299999,24.799999,25.200001,214877,1.0
2003-12-22,1903,1903.TW,上市,25.200001,25.6,25.200001,25.299999,154000,1.0
2003-12-23,1903,1903.TW,上市,25.5,25.700001,25.299999,25.5,161000,1.0
2003-12-24,1903,1903.TW,上市,25.700001,25.700001,25.4,25.4,146432,1.0
2003-12-25,1903,1903.TW,上市,25.200001,26.0,25.200001,25.9,197328,1.0
2003-12-26,1903,1903.TW,上市,25.9,25.9,25.5,25.6,49000,1.0
2003-12-29,1903,1903.TW,上市,26.0,26.299999,25.6,25.799999,256001,1.0
2003-12-30,1903,1903.TW,上市,25.799999,25.799999,25.5,25.5,94112,1.0
2003-12-31,1903,1903.TW,上市,25.5,25.799999,25.5,25.6,37099,1.0
2004-01-01,1903,1903.TW,上市,25.6,25.6,25.6,25.6,0,1.0
2004-01-02,1903,1903.TW,上市,25.799999,25.9,25.6,25.700001,214000,1.0
2004-01-05,1903,1903.TW,上市,25.9,27.200001,25.9,27.0,777001,1.0
2004-01-06,1903,1903.TW,上市,27.299999,27.299999,26.6,26.700001,563000,1.0
2004-01-07,1903,1903.TW,上市,27.1,28.0,27.0,27.1,956000,1.0
2004-01-08,1903,1903.TW,上市,27.200001,27.799999,27.0,27.1,525120,1.0
2004-01-09,1903,1903.TW,上市,27.299999,27.299999,26.5,26.6,343000,1.0
2004-01-12,1903,1903.TW,上市,26.6,26.9,26.6,26.700001,166168,1.0
2004-01-13,1903,1903.TW,上市,26.9,27.0,26.6,26.6,283000,1.0
2004-01-14,1903,1903.TW,上市,26.6,26.9,26.6,26.799999,193000,1.0
2004-01-15,1903,1903.TW,上市,27.0,28.6,27.0,28.6,3022000,1.0
2004-01-16,1903,1903.TW,上市,29.799999,30.0,28.299999,28.6,3034617,1.0
2004-01-19,1903,1903.TW,上市,28.6,28.6,28.6,28.6,0,1.0
2004-01-20,1903,1903.TW,上市,28.6,28.6,28.6,28.6,0,1.0
2004-01-21,1903,1903.TW,上市,28.6,28.6,28.6,28.6,0,1.0
2004-01-22,1903,1903.TW,上市,28.6,28.6,28.6,28.6,0,1.0
2004-01-23,1903,1903.TW,上市,28.6,28.6,28.6,28.6,0,1.0
2004-01-26,1903,1903.TW,上市,28.6,28.6,28.6,28.6,0,1.0
2004-01-27,1903,1903.TW,上市,29.200001,30.6,28.700001,30.200001,2534000,1.0
2004-01-28,1903,1903.TW,上市,30.0,31.799999,30.0,30.299999,2140383,1.0
2004-01-29,1903,1903.TW,上市,29.799999,30.200001,29.1,29.200001,924200,1.0
2004-01-30,1903,1903.TW,上市,29.299999,31.0,29.299999,30.799999,1727666,1.0
2004-02-02,1903,1903.TW,上市,31.0,32.900002,31.0,31.9,4040013,1.0
2004-02-03,1903,1903.TW,上市,31.9,31.9,30.0,30.700001,1401101,1.0
2004-02-04,1903,1903.TW,上市,30.700001,31.299999,30.299999,30.299999,959002,1.0
2004-02-05,1903,1903.TW,上市,30.299999,31.4,30.299999,30.4,990026,1.0
2004-02-06,1903,1903.TW,上市,30.5,32.0,30.5,31.9,1568986,1.0
2004-02-09,1903,1903.TW,上市,34.0,34.099998,33.0,33.0,6383265,1.0
2004-02-10,1903,1903.TW,上市,32.799999,34.700001,32.599998,34.299999,3939032,1.0
2004-02-11,1903,1903.TW,上市,34.299999,34.299999,32.599998,33.099998,2021440,1.0
2004-02-12,1903,1903.TW,上市,33.200001,33.400002,30.799999,31.0,1729060,1.0
2004-02-13,1903,1903.TW,上市,31.299999,33.099998,31.299999,33.099998,2140400,1.0
2004-02-16,1903,1903.TW,上市,33.299999,33.5,32.400002,32.599998,919576,1.0
2004-02-17,1903,1903.TW,上市,32.599998,33.5,32.299999,33.099998,1057002,1.0
2004-02-18,1903,1903.TW,上市,33.099998,33.700001,32.0,32.0,1108194,1.0
2004-02-19,1903,1903.TW,上市,31.799999,32.400002,31.1,31.9,645655,1.0
2004-02-20,1903,1903.TW,上市,31.9,33.099998,31.6,32.099998,1028500,1.0
2004-02-23,1903,1903.TW,上市,32.400002,33.099998,31.6,33.0,1580033,1.0
2004-02-24,1903,1903.TW,上市,33.200001,33.599998,32.299999,32.299999,784112,1.0
2004-02-25,1903,1903.TW,上市,32.299999,32.599998,32.0,32.0,385904,1.0
2004-02-26,1903,1903.TW,上市,32.099998,32.599998,31.799999,31.9,263003,1.0
2004-02-27,1903,1903.TW,上市,31.700001,32.0,31.5,31.700001,406373,1.0
2004-03-01,1903,1903.TW,上市,32.0,32.599998,31.9,31.9,813550,1.0
2004-03-02,1903,1903.TW,上市,32.5,33.099998,32.099998,32.599998,2108467,1.0
2004-03-03,1903,1903.TW,上市,32.799999,32.900002,31.9,31.9,684255,1.0
2004-03-04,1903,1903.TW,上市,32.099998,33.0,32.099998,32.200001,1905397,1.0
2004-03-05,1903,1903.TW,上市,32.299999,33.599998,32.200001,32.5,2408050,1.0
2004-03-08,1903,1903.TW,上市,33.200001,33.200001,32.099998,32.5,1150100,1.0
2004-03-09,1903,1903.TW,上市,32.5,32.799999,32.400002,32.700001,598006,1.0
2004-03-10,1903,1903.TW,上市,33.0,33.5,32.400002,32.5,1453394,1.0
2004-03-11,1903,1903.TW,上市,32.0,32.5,32.0,32.0,523443,1.0
2004-03-12,1903,1903.TW,上市,31.700001,32.200001,31.700001,31.700001,458019,1.0
2004-03-15,1903,1903.TW,上市,32.0,32.799999,29.700001,29.700001,1170438,1.0
2004-03-16,1903,1903.TW,上市,30.0,30.4,29.700001,29.799999,567325,1.0
2004-03-17,1903,1903.TW,上市,30.0,30.299999,28.6,28.6,652235,1.0
2004-03-18,1903,1903.TW,上市,28.700001,29.6,28.200001,29.5,1053203,1.0
2004-03-19,1903,1903.TW,上市,29.5,29.6,29.0,29.299999,526907,1.0
2004-03-22,1903,1903.TW,上市,27.299999,27.299999,27.299999,27.299999,237228,1.0
2004-03-23,1903,1903.TW,上市,25.4,27.0,25.4,25.4,1413012,1.0
2004-03-24,1903,1903.TW,上市,25.700001,26.0,24.700001,25.0,622000,1.0
2004-03-25,1903,1903.TW,上市,25.1,25.6,25.1,25.1,566360,1.0
2004-03-26,1903,1903.TW,上市,25.299999,25.700001,25.1,25.1,337190,1.0
2004-03-29,1903,1903.TW,上市,26.1,26.799999,25.799999,26.799999,791004,1.0
2004-03-30,1903,1903.TW,上市,27.200001,27.299999,26.5,27.200001,517786,1.0
2004-03-31,1903,1903.TW,上市,27.299999,27.6,26.700001,26.9,436409,1.0
2004-04-01,1903,1903.TW,上市,26.799999,26.9,26.1,26.6,346000,1.0
2004-04-02,1903,1903.TW,上市,26.6,26.6,26.299999,26.4,277001,1.0
2004-04-05,1903,1903.TW,上市,26.6,26.700001,26.200001,26.299999,651480,1.0
2004-04-06,1903,1903.TW,上市,26.4,26.700001,26.4,26.4,478185,1.0
2004-04-07,1903,1903.TW,上市,26.4,26.700001,26.1,26.299999,365003,1.0
2004-04-08,1903,1903.TW,上市,26.299999,26.5,25.9,26.0,315000,1.0
2004-04-09,1903,1903.TW,上市,26.0,26.0,25.6,25.700001,301005,1.0
2004-04-12,1903,1903.TW,上市,26.0,27.4,26.0,27.1,846007,1.0
2004-04-13,1903,1903.TW,上市,27.1,27.5,26.799999,26.9,444001,1.0
2004-04-14,1903,1903.TW,上市,26.9,27.299999,26.6,26.700001,997560,1.0
2004-04-15,1903,1903.TW,上市,27.0,27.1,26.5,26.799999,437796,1.0
2004-04-16,1903,1903.TW,上市,27.0,27.200001,26.5,26.700001,376527,1.0
2004-04-19,1903,1903.TW,上市,27.0,27.0,26.200001,26.299999,204506,1.0
2004-04-20,1903,1903.TW,上市,26.1,26.700001,26.1,26.5,252114,1.0
2004-04-21,1903,1903.TW,上市,26.299999,26.799999,26.299999,26.6,240000,1.0
2004-04-22,1903,1903.TW,上市,26.6,26.799999,26.0,26.0,410018,1.0
2004-04-23,1903,1903.TW,上市,26.299999,26.299999,25.799999,25.9,171286,1.0
2004-04-26,1903,1903.TW,上市,26.200001,26.200001,25.700001,25.700001,131288,1.0
2004-04-27,1903,1903.TW,上市,25.799999,26.200001,25.4,25.6,249999,1.0
2004-04-28,1903,1903.TW,上市,25.6,25.9,25.200001,25.299999,189890,1.0
2004-04-29,1903,1903.TW,上市,25.5,25.6,24.1,24.200001,432293,1.0
2004-04-30,1903,1903.TW,上市,24.5,24.5,22.6,22.6,647557,1.0
2004-05-03,1903,1903.TW,上市,23.299999,23.299999,22.0,22.6,260001,1.0
2004-05-04,1903,1903.TW,上市,22.700001,23.200001,22.5,23.0,186000,1.0
2004-05-05,1903,1903.TW,上市,23.0,23.0,21.4,21.4,480000,1.0
2004-05-06,1903,1903.TW,上市,21.6,22.299999,20.9,21.6,205010,1.0
2004-05-07,1903,1903.TW,上市,21.6,22.6,21.6,22.6,472016,1.0
2004-05-10,1903,1903.TW,上市,22.299999,22.299999,21.6,22.0,294023,1.0
2004-05-11,1903,1903.TW,上市,22.0,22.0,21.5,21.9,143051,1.0
2004-05-12,1903,1903.TW,上市,22.0,22.6,22.0,22.4,103201,1.0
2004-05-13,1903,1903.TW,上市,22.6,22.6,22.0,22.1,54101,1.0
2004-05-14,1903,1903.TW,上市,22.4,22.799999,22.1,22.5,154010,1.0
2004-05-17,1903,1903.TW,上市,22.0,22.4,21.0,21.5,266794,1.0
2004-05-18,1903,1903.TW,上市,21.0,21.700001,21.0,21.700001,307810,1.0
2004-05-19,1903,1903.TW,上市,22.4,22.9,22.4,22.799999,342000,1.0
2004-05-20,1903,1903.TW,上市,22.1,23.0,21.799999,22.200001,191001,1.0
2004-05-21,1903,1903.TW,上市,22.299999,23.700001,22.299999,23.700001,492000,1.0
2004-05-24,1903,1903.TW,上市,23.6,23.9,23.1,23.299999,287001,1.0
2004-05-25,1903,1903.TW,上市,23.200001,23.799999,23.1,23.200001,183152,1.0
2004-05-26,1903,1903.TW,上市,23.4,23.6,23.0,23.5,193146,1.0
2004-05-27,1903,1903.TW,上市,23.5,23.6,23.200001,23.5,130000,1.0
2004-05-28,1903,1903.TW,上市,23.5,24.5,23.5,23.9,547001,1.0
2004-05-31,1903,1903.TW,上市,24.0,24.4,23.5,23.5,375002,1.0
2004-06-01,1903,1903.TW,上市,23.799999,23.799999,22.700001,23.0,131155,1.0
2004-06-02,1903,1903.TW,上市,22.9,23.4,22.6,23.0,215038,1.0
2004-06-03,1903,1903.TW,上市,23.0,23.0,22.4,22.700001,100000,1.0
2004-06-04,1903,1903.TW,上市,22.6,22.9,22.4,22.700001,168003,1.0
2004-06-07,1903,1903.TW,上市,23.1,23.4,23.0,23.299999,141003,1.0
2004-06-08,1903,1903.TW,上市,23.299999,23.4,23.0,23.200001,221000,1.0
2004-06-09,1903,1903.TW,上市,23.4,23.5,23.0,23.299999,119001,1.0
2004-06-10,1903,1903.TW,上市,23.0,23.299999,22.799999,23.299999,123000,1.0
2004-06-11,1903,1903.TW,上市,23.299999,23.299999,22.6,23.0,152003,1.0
2004-06-14,1903,1903.TW,上市,23.200001,23.299999,22.299999,22.4,282024,1.0
2004-06-15,1903,1903.TW,上市,22.299999,22.299999,21.9,22.299999,272008,1.0
2004-06-16,1903,1903.TW,上市,22.299999,22.299999,21.700001,21.9,296002,1.0
2004-06-17,1903,1903.TW,上市,22.200001,22.299999,21.799999,22.299999,100000,1.0
2004-06-18,1903,1903.TW,上市,22.299999,22.4,21.6,21.799999,92001,1.0
2004-06-21,1903,1903.TW,上市,21.9,22.200001,21.9,22.0,112001,1.0
2004-06-22,1903,1903.TW,上市,22.0,22.0,22.0,22.0,0,1.0
2004-06-23,1903,1903.TW,上市,22.200001,23.0,22.200001,22.5,179006,1.0
2004-06-24,1903,1903.TW,上市,22.700001,22.799999,22.5,22.5,124101,1.0
2004-06-25,1903,1903.TW,上市,22.299999,22.6,22.299999,22.4,62010,1.0
2004-06-28,1903,1903.TW,上市,22.4,22.5,22.200001,22.299999,227586,1.0
2004-06-29,1903,1903.TW,上市,22.299999,22.4,22.1,22.1,56240,1.0
2004-06-30,1903,1903.TW,上市,22.700001,22.700001,22.200001,22.5,59050,1.0
2004-07-01,1903,1903.TW,上市,22.4,22.9,22.4,22.799999,145042,1.0
2004-07-02,1903,1903.TW,上市,22.4,22.799999,22.4,22.4,106436,1.0
2004-07-05,1903,1903.TW,上市,22.200001,22.4,22.200001,22.4,34000,1.0
2004-07-06,1903,1903.TW,上市,22.4,22.5,22.200001,22.4,49000,1.0
2004-07-07,1903,1903.TW,上市,22.0,22.200001,22.0,22.1,55703,1.0
2004-07-08,1903,1903.TW,上市,22.200001,22.4,22.200001,22.200001,15832,1.0
2004-07-09,1903,1903.TW,上市,22.1,22.299999,22.0,22.299999,129003,1.0
2004-07-12,1903,1903.TW,上市,22.299999,22.5,22.200001,22.5,75000,1.0
2004-07-13,1903,1903.TW,上市,22.6,22.700001,22.299999,22.299999,70029,1.0
2004-07-14,1903,1903.TW,上市,22.299999,22.299999,22.1,22.200001,46999,1.0
2004-07-15,1903,1903.TW,上市,22.1,22.1,21.799999,22.0,30365,1.0
2004-07-16,1903,1903.TW,上市,21.799999,21.9,21.700001,21.700001,67164,1.0
2004-07-19,1903,1903.TW,上市,22.0,22.1,21.5,21.700001,70086,1.0
2004-07-20,1903,1903.TW,上市,21.700001,21.700001,21.0,21.6,73999,1.0
2004-07-21,1903,1903.TW,上市,21.0,21.6,21.0,21.4,88101,1.0
2004-07-22,1903,1903.TW,上市,20.200001,20.9,20.200001,20.9,167000,1.0
2004-07-23,1903,1903.TW,上市,20.9,21.1,20.700001,20.9,67000,1.0
2004-07-26,1903,1903.TW,上市,21.0,21.1,20.700001,20.799999,118001,1.0
2004-07-27,1903,1903.TW,上市,20.700001,21.0,20.700001,20.9,31000,1.0
2004-07-28,1903,1903.TW,上市,21.1,21.1,20.700001,20.799999,82001,1.0
2004-07-29,1903,1903.TW,上市,20.9,20.9,20.299999,20.5,74000,1.0
2004-07-30,1903,1903.TW,上市,20.6,20.700001,20.5,20.700001,90005,1.0
2004-08-02,1903,1903.TW,上市,20.799999,20.799999,20.0,20.5,35028,1.0
2004-08-03,1903,1903.TW,上市,20.299999,20.700001,20.1,20.700001,71000,1.0
2004-08-04,1903,1903.TW,上市,20.700001,20.700001,20.1,20.299999,61614,1.0
2004-08-05,1903,1903.TW,上市,20.200001,20.5,20.0,20.5,88051,1.0
2004-08-06,1903,1903.TW,上市,20.5,20.5,20.1,20.4,52010,1.0
2004-08-09,1903,1903.TW,上市,20.299999,20.299999,19.799999,20.1,71001,1.0
2004-08-10,1903,1903.TW,上市,20.0,20.5,20.0,20.299999,182000,1.0
2004-08-11,1903,1903.TW,上市,20.4,20.4,20.0,20.1,55000,1.0
2004-08-12,1903,1903.TW,上市,20.0,20.1,19.799999,19.9,111002,1.0
2004-08-13,1903,1903.TW,上市,19.9,20.200001,19.799999,20.0,85105,1.0
2004-08-16,1903,1903.TW,上市,19.799999,20.0,19.799999,20.0,69000,1.0
2004-08-17,1903,1903.TW,上市,20.1,20.1,19.9,20.0,84547,1.0
2004-08-18,1903,1903.TW,上市,19.799999,19.799999,19.299999,19.6,171611,1.0
2004-08-19,1903,1903.TW,上市,19.799999,20.200001,19.6,20.200001,191000,1.0
2004-08-20,1903,1903.TW,上市,20.299999,20.5,20.200001,20.5,155016,1.0
2004-08-23,1903,1903.TW,上市,20.5,20.6,20.1,20.299999,138001,1.0
2004-08-24,1903,1903.TW,上市,20.299999,20.299999,20.299999,20.299999,0,1.0
2004-08-25,1903,1903.TW,上市,20.299999,20.299999,20.299999,20.299999,0,1.0
2004-08-26,1903,1903.TW,上市,20.6,21.1,20.5,21.0,555000,1.0
2004-08-27,1903,1903.TW,上市,21.1,21.299999,20.799999,21.0,761000,1.0
2004-08-30,1903,1903.TW,上市,21.5,21.9,21.200001,21.299999,764000,1.0
2004-08-31,1903,1903.TW,上市,21.299999,21.799999,21.1,21.5,650534,1.0
2004-09-01,1903,1903.TW,上市,21.5,21.700001,21.299999,21.299999,351000,1.0
2004-09-02,1903,1903.TW,上市,21.5,21.9,21.200001,21.6,155389,1.0
2004-09-03,1903,1903.TW,上市,21.9,22.700001,21.799999,21.799999,1299420,1.0
2004-09-06,1903,1903.TW,上市,21.700001,22.0,21.4,21.6,464999,1.0
2004-09-07,1903,1903.TW,上市,21.5,22.4,21.4,22.200001,267000,1.0
2004-09-08,1903,1903.TW,上市,22.9,23.0,22.299999,22.799999,472002,1.0
2004-09-09,1903,1903.TW,上市,22.5,22.5,22.299999,22.5,654555,1.0
2004-09-10,1903,1903.TW,上市,22.299999,22.799999,22.1,22.1,573010,1.0
2004-09-13,1903,1903.TW,上市,22.4,22.4,22.1,22.200001,644299,1.0
2004-09-14,1903,1903.TW,上市,22.200001,22.700001,22.200001,22.200001,677355,1.0
2004-09-15,1903,1903.TW,上市,22.4,22.6,22.200001,22.4,756544,1.0
2004-09-16,1903,1903.TW,上市,22.299999,22.700001,22.299999,22.700001,693100,1.0
2004-09-17,1903,1903.TW,上市,22.700001,22.700001,22.200001,22.5,700002,1.0
2004-09-20,1903,1903.TW,上市,22.5,22.799999,22.5,22.700001,678332,1.0
2004-09-21,1903,1903.TW,上市,22.9,23.799999,22.799999,23.4,1165002,1.0
2004-09-22,1903,1903.TW,上市,23.700001,23.700001,23.0,23.4,816000,1.0
2004-09-23,1903,1903.TW,上市,23.1,23.200001,22.799999,23.200001,107000,1.0
2004-09-24,1903,1903.TW,上市,23.200001,23.4,22.6,22.9,622000,1.0
2004-09-27,1903,1903.TW,上市,21.6,22.6,21.6,22.5,172010,1.0
2004-09-28,1903,1903.TW,上市,22.5,22.5,22.5,22.5,0,1.0
2004-09-29,1903,1903.TW,上市,22.5,22.799999,22.200001,22.299999,759003,1.0
2004-09-30,1903,1903.TW,上市,22.5,22.799999,22.1,22.1,808999,1.0
2004-10-01,1903,1903.TW,上市,22.1,23.4,22.1,23.200001,990210,1.0
2004-10-04,1903,1903.TW,上市,23.200001,23.299999,22.799999,23.200001,1036011,1.0
2004-10-05,1903,1903.TW,上市,23.200001,23.5,22.799999,23.0,1010594,1.0
2004-10-06,1903,1903.TW,上市,23.4,24.5,23.299999,23.6,1544307,1.0
2004-10-07,1903,1903.TW,上市,23.6,24.4,23.6,23.799999,1387000,1.0
2004-10-08,1903,1903.TW,上市,23.799999,24.200001,23.4,24.0,975000,1.0
2004-10-11,1903,1903.TW,上市,24.299999,24.299999,23.5,23.700001,899000,1.0
2004-10-12,1903,1903.TW,上市,23.9,24.200001,23.5,23.5,884000,1.0
2004-10-13,1903,1903.TW,上市,23.799999,23.9,23.5,23.5,170690,1.0
2004-10-14,1903,1903.TW,上市,23.5,23.5,22.0,22.700001,275862,1.0
2004-10-15,1903,1903.TW,上市,22.200001,22.799999,22.200001,22.6,170022,1.0
2004-10-18,1903,1903.TW,上市,22.6,22.700001,22.299999,22.4,64192,1.0
2004-10-19,1903,1903.TW,上市,22.4,22.4,22.299999,22.299999,90435,1.0
2004-10-20,1903,1903.TW,上市,22.299999,22.9,22.1,22.5,186600,1.0
2004-10-21,1903,1903.TW,上市,22.700001,23.0,22.299999,22.5,127024,1.0
2004-10-22,1903,1903.TW,上市,22.5,22.5,22.299999,22.5,135644,1.0
2004-10-25,1903,1903.TW,上市,22.5,22.5,22.5,22.5,0,1.0
2004-10-26,1903,1903.TW,上市,22.299999,22.299999,22.200001,22.200001,81018,1.0
2004-10-27,1903,1903.TW,上市,22.200001,23.0,22.200001,22.4,67000,1.0
2004-10-28,1903,1903.TW,上市,22.700001,22.700001,22.299999,22.4,68000,1.0
2004-10-29,1903,1903.TW,上市,22.0,22.1,21.799999,21.9,92000,1.0
2004-11-01,1903,1903.TW,上市,22.1,22.200001,21.9,21.9,23011,1.0
2004-11-02,1903,1903.TW,上市,21.799999,22.0,21.6,22.0,64001,1.0
2004-11-03,1903,1903.TW,上市,22.0,22.5,22.0,22.299999,101002,1.0
2004-11-04,1903,1903.TW,上市,22.4,22.700001,22.299999,22.4,140085,1.0
2004-11-05,1903,1903.TW,上市,22.5,22.9,22.4,22.799999,165762,1.0
2004-11-08,1903,1903.TW,上市,23.200001,23.200001,22.9,22.9,84060,1.0
2004-11-09,1903,1903.TW,上市,23.0,23.0,22.5,22.799999,65100,1.0
2004-11-10,1903,1903.TW,上市,22.799999,22.799999,22.4,22.700001,26381,1.0
2004-11-11,1903,1903.TW,上市,22.6,22.6,22.4,22.6,8132,1.0
2004-11-12,1903,1903.TW,上市,22.6,22.700001,22.4,22.5,100000,1.0
2004-11-15,1903,1903.TW,上市,22.0,22.6,22.0,22.5,57999,1.0
2004-11-16,1903,1903.TW,上市,22.200001,22.5,22.1,22.5,45001,1.0
2004-11-17,1903,1903.TW,上市,22.5,22.799999,22.200001,22.700001,80645,1.0
2004-11-18,1903,1903.TW,上市,22.9,22.9,22.5,22.5,87001,1.0
2004-11-19,1903,1903.TW,上市,22.6,23.0,22.5,22.5,162000,1.0
2004-11-22,1903,1903.TW,上市,22.700001,23.0,22.5,22.5,92951,1.0
2004-11-23,1903,1903.TW,上市,22.799999,22.799999,22.4,22.4,41202,1.0
2004-11-24,1903,1903.TW,上市,22.200001,22.700001,22.200001,22.5,64010,1.0
2004-11-25,1903,1903.TW,上市,22.299999,22.6,22.299999,22.6,27166,1.0
2004-11-26,1903,1903.TW,上市,22.6,22.6,22.0,22.200001,106079,1.0
2004-11-29,1903,1903.TW,上市,22.200001,22.700001,22.1,22.700001,77100,1.0
2004-11-30,1903,1903.TW,上市,22.5,22.700001,22.0,22.700001,146049,1.0
2004-12-01,1903,1903.TW,上市,22.5,22.700001,22.299999,22.4,127000,1.0
2004-12-02,1903,1903.TW,上市,22.5,22.5,22.299999,22.5,27999,1.0
2004-12-03,1903,1903.TW,上市,22.5,22.700001,22.4,22.4,62000,1.0
2004-12-06,1903,1903.TW,上市,22.700001,22.799999,22.4,22.799999,159000,1.0
2004-12-07,1903,1903.TW,上市,22.799999,22.799999,22.4,22.4,47004,1.0
2004-12-08,1903,1903.TW,上市,22.6,22.6,22.200001,22.200001,46000,1.0
2004-12-09,1903,1903.TW,上市,22.200001,22.4,22.200001,22.200001,52001,1.0
2004-12-10,1903,1903.TW,上市,22.299999,22.5,22.200001,22.200001,49099,1.0
2004-12-13,1903,1903.TW,上市,22.200001,22.700001,22.1,22.1,72295,1.0
2004-12-14,1903,1903.TW,上市,22.4,22.4,22.200001,22.200001,20600,1.0
2004-12-15,1903,1903.TW,上市,22.6,22.799999,22.4,22.5,139100,1.0
2004-12-16,1903,1903.TW,上市,22.700001,22.9,22.6,22.6,104408,1.0
2004-12-17,1903,1903.TW,上市,22.6,22.9,22.6,22.700001,70298,1.0
2004-12-20,1903,1903.TW,上市,22.5,22.700001,22.5,22.6,46000,1.0
2004-12-21,1903,1903.TW,上市,22.6,22.700001,22.5,22.700001,34615,1.0
2004-12-22,1903,1903.TW,上市,22.799999,23.0,22.700001,22.799999,63001,1.0
2004-12-23,1903,1903.TW,上市,22.799999,22.9,22.700001,22.700001,83005,1.0
2004-12-24,1903,1903.TW,上市,22.9,23.9,22.9,23.799999,737481,1.0
2004-12-27,1903,1903.TW,上市,23.799999,24.200001,23.5,23.799999,798000,1.0
2004-12-28,1903,1903.TW,上市,24.200001,24.200001,23.299999,23.799999,113793,1.0
2004-12-29,1903,1903.TW,上市,23.700001,25.4,23.700001,25.4,5344649,1.0
2004-12-30,1903,1903.TW,上市,25.799999,27.1,25.799999,27.1,4209641,1.0
2004-12-31,1903,1903.TW,上市,27.299999,27.6,26.700001,26.9,3985814,1.0
2005-01-03,1903,1903.TW,上市,27.299999,28.200001,26.9,26.9,4360000,1.0
2005-01-04,1903,1903.TW,上市,26.9,27.200001,25.700001,26.0,2244129,1.0
2005-01-05,1903,1903.TW,上市,25.799999,26.9,25.5,25.9,1823585,1.0
2005-01-06,1903,1903.TW,上市,25.9,26.5,25.700001,26.4,1200030,1.0
2005-01-07,1903,1903.TW,上市,26.6,26.799999,25.200001,25.200001,1325224,1.0
2005-01-10,1903,1903.TW,上市,25.200001,25.6,24.6,24.6,589500,1.0
2005-01-11,1903,1903.TW,上市,25.0,25.6,24.700001,25.200001,587082,1.0
2005-01-12,1903,1903.TW,上市,25.1,26.200001,25.0,25.0,1422000,1.0
2005-01-13,1903,1903.TW,上市,25.4,25.9,24.9,25.4,1473999,1.0
2005-01-14,1903,1903.TW,上市,25.200001,26.5,25.200001,26.5,1875000,1.0
2005-01-17,1903,1903.TW,上市,26.799999,26.9,26.0,26.299999,1388000,1.0
2005-01-18,1903,1903.TW,上市,26.299999,26.299999,25.700001,25.9,695001,1.0
2005-01-19,1903,1903.TW,上市,26.0,26.299999,25.700001,26.200001,755500,1.0
2005-01-20,1903,1903.TW,上市,25.9,26.1,25.200001,25.299999,770000,1.0
2005-01-21,1903,1903.TW,上市,25.299999,25.700001,25.299999,25.299999,274532,1.0
2005-01-24,1903,1903.TW,上市,25.299999,25.299999,24.6,24.6,520000,1.0
2005-01-25,1903,1903.TW,上市,24.6,25.0,24.4,25.0,835001,1.0
2005-01-26,1903,1903.TW,上市,25.4,25.4,25.0,25.299999,273001,1.0
2005-01-27,1903,1903.TW,上市,25.200001,25.299999,25.0,25.200001,155006,1.0
2005-01-28,1903,1903.TW,上市,25.0,25.5,24.9,25.0,331000,1.0
2005-01-31,1903,1903.TW,上市,25.200001,25.6,25.0,25.5,473243,1.0
2005-02-01,1903,1903.TW,上市,25.6,25.6,25.0,25.0,242000,1.0
2005-02-02,1903,1903.TW,上市,25.5,25.5,24.9,24.9,439629,1.0
2005-02-03,1903,1903.TW,上市,25.0,25.200001,25.0,25.0,333477,1.0
2005-02-04,1903,1903.TW,上市,25.0,25.0,25.0,25.0,0,1.0
2005-02-07,1903,1903.TW,上市,25.0,25.0,25.0,25.0,0,1.0
2005-02-08,1903,1903.TW,上市,25.0,25.0,25.0,25.0,0,1.0
2005-02-09,1903,1903.TW,上市,25.0,25.0,25.0,25.0,0,1.0
2005-02-10,1903,1903.TW,上市,25.0,25.0,25.0,25.0,0,1.0
2005-02-11,1903,1903.TW,上市,25.0,25.0,25.0,25.0,0,1.0
2005-02-14,1903,1903.TW,上市,25.4,25.4,25.0,25.1,295000,1.0
2005-02-15,1903,1903.TW,上市,25.0,25.1,24.9,24.9,420001,1.0
2005-02-16,1903,1903.TW,上市,25.0,25.200001,24.9,25.0,380120,1.0
2005-02-17,1903,1903.TW,上市,25.0,25.700001,25.0,25.0,447000,1.0
2005-02-18,1903,1903.TW,上市,25.4,26.0,25.0,25.0,738002,1.0
2005-02-21,1903,1903.TW,上市,25.299999,25.4,25.0,25.1,387999,1.0
2005-02-22,1903,1903.TW,上市,25.5,25.5,25.0,25.0,340001,1.0
2005-02-23,1903,1903.TW,上市,25.0,25.200001,25.0,25.0,274001,1.0
2005-02-24,1903,1903.TW,上市,25.4,25.9,25.299999,25.799999,1105360,1.0
2005-02-25,1903,1903.TW,上市,26.1,26.200001,25.5,25.5,683179,1.0
2005-02-28,1903,1903.TW,上市,25.5,25.5,25.5,25.5,0,1.0
2005-03-01,1903,1903.TW,上市,25.6,26.4,25.6,25.9,626505,1.0
2005-03-02,1903,1903.TW,上市,26.299999,26.799999,26.0,26.200001,905050,1.0
2005-03-03,1903,1903.TW,上市,26.700001,26.9,25.799999,25.799999,888424,1.0
2005-03-04,1903,1903.TW,上市,25.799999,26.0,25.4,25.5,324330,1.0
2005-03-07,1903,1903.TW,上市,25.6,26.4,25.5,26.4,1292999,1.0
2005-03-08,1903,1903.TW,上市,26.5,26.700001,25.9,26.200001,782004,1.0
2005-03-09,1903,1903.TW,上市,26.0,26.1,25.700001,25.799999,199000,1.0
2005-03-10,1903,1903.TW,上市,25.799999,25.799999,25.200001,25.4,345928,1.0
2005-03-11,1903,1903.TW,上市,25.6,25.799999,25.4,25.75,244000,1.0
2005-03-14,1903,1903.TW,上市,25.200001,25.6,25.1,25.6,95000,1.0
2005-03-15,1903,1903.TW,上市,25.200001,25.200001,24.700001,25.0,855000,1.0
2005-03-16,1903,1903.TW,上市,26.4,26.75,26.0,26.75,758000,1.0
2005-03-17,1903,1903.TW,上市,27.0,27.5,26.6,26.75,2145096,1.0
2005-03-18,1903,1903.TW,上市,26.9,26.9,26.0,26.200001,381000,1.0
2005-03-21,1903,1903.TW,上市,26.1,26.5,26.0,26.0,338002,1.0
2005-03-22,1903,1903.TW,上市,25.9,25.9,25.25,25.5,241010,1.0
2005-03-23,1903,1903.TW,上市,25.5,26.700001,25.5,26.6,448000,1.0
2005-03-24,1903,1903.TW,上市,26.700001,26.700001,26.200001,26.200001,270001,1.0
2005-03-25,1903,1903.TW,上市,26.15,26.4,26.1,26.299999,216000,1.0
2005-03-28,1903,1903.TW,上市,26.700001,26.700001,26.1,26.5,126000,1.0
2005-03-29,1903,1903.TW,上市,26.5,26.65,25.799999,25.799999,189000,1.0
2005-03-30,1903,1903.TW,上市,25.5,26.299999,25.5,26.200001,178020,1.0
2005-03-31,1903,1903.TW,上市,26.200001,26.35,25.700001,25.700001,263000,1.0
2005-04-01,1903,1903.TW,上市,25.9,26.0,25.299999,25.6,209699,1.0
2005-04-04,1903,1903.TW,上市,25.5,25.9,25.450001,25.5,146001,1.0
2005-04-05,1903,1903.TW,上市,25.5,25.5,25.5,25.5,0,1.0
2005-04-06,1903,1903.TW,上市,25.5,25.799999,25.4,25.700001,107000,1.0
2005-04-07,1903,1903.TW,上市,25.5,25.6,25.200001,25.299999,334002,1.0
2005-04-08,1903,1903.TW,上市,25.4,25.700001,25.4,25.4,147200,1.0
2005-04-11,1903,1903.TW,上市,25.35,25.35,25.1,25.1,71000,1.0
2005-04-12,1903,1903.TW,上市,25.1,25.299999,25.0,25.0,90000,1.0
2005-04-13,1903,1903.TW,上市,25.0,25.5,25.0,25.049999,373005,1.0
2005-04-14,1903,1903.TW,上市,25.049999,25.200001,25.0,25.049999,229000,1.0
2005-04-15,1903,1903.TW,上市,25.0,25.200001,25.0,25.0,477000,1.0
2005-04-18,1903,1903.TW,上市,25.0,25.5,24.200001,24.4,674000,1.0
2005-04-19,1903,1903.TW,上市,24.4,24.4,23.65,23.65,366000,1.0
2005-04-20,1903,1903.TW,上市,23.700001,23.700001,22.85,22.9,245300,1.0
2005-04-21,1903,1903.TW,上市,21.6,22.9,21.4,22.65,244000,1.0
2005-04-22,1903,1903.TW,上市,22.700001,23.0,22.0,22.0,209010,1.0
2005-04-25,1903,1903.TW,上市,22.0,22.4,22.0,22.1,72395,1.0
2005-04-26,1903,1903.TW,上市,22.0,22.25,21.950001,22.15,316002,1.0
2005-04-27,1903,1903.TW,上市,22.4,22.4,22.0,22.1,372000,1.0
2005-04-28,1903,1903.TW,上市,21.799999,22.1,21.799999,22.0,603214,1.0
2005-04-29,1903,1903.TW,上市,21.9,22.1,21.85,21.9,576206,1.0
2005-05-02,1903,1903.TW,上市,21.9,21.9,21.9,21.9,0,1.0
2005-05-03,1903,1903.TW,上市,21.950001,22.1,21.799999,21.799999,143321,1.0
2005-05-04,1903,1903.TW,上市,21.799999,22.049999,21.6,21.75,134000,1.0
2005-05-05,1903,1903.TW,上市,21.9,22.450001,21.9,22.450001,221000,1.0
2005-05-06,1903,1903.TW,上市,22.35,22.4,22.0,22.0,37000,1.0
2005-05-09,1903,1903.TW,上市,22.049999,22.200001,21.9,22.0,48426,1.0
2005-05-10,1903,1903.TW,上市,22.049999,22.299999,21.700001,21.799999,88100,1.0
2005-05-11,1903,1903.TW,上市,21.9,22.200001,21.9,21.9,56250,1.0
2005-05-12,1903,1903.TW,上市,21.9,22.25,21.9,22.25,132000,1.0
2005-05-13,1903,1903.TW,上市,22.25,22.65,22.200001,22.35,86001,1.0
2005-05-16,1903,1903.TW,上市,22.5,22.5,22.15,22.15,43921,1.0
2005-05-17,1903,1903.TW,上市,22.0,22.299999,22.0,22.200001,156000,1.0
2005-05-18,1903,1903.TW,上市,22.200001,22.4,22.200001,22.25,46000,1.0
2005-05-19,1903,1903.TW,上市,22.6,22.9,22.0,22.299999,91000,1.0
2005-05-20,1903,1903.TW,上市,22.299999,23.0,22.299999,22.5,101002,1.0
2005-05-23,1903,1903.TW,上市,22.5,22.5,22.25,22.4,29001,1.0
2005-05-24,1903,1903.TW,上市,22.4,22.799999,22.4,22.450001,87000,1.0
2005-05-25,1903,1903.TW,上市,22.35,22.4,22.1,22.1,72003,1.0
2005-05-26,1903,1903.TW,上市,22.1,22.5,22.1,22.299999,10000,1.0
2005-05-27,1903,1903.TW,上市,22.1,22.5,22.1,22.200001,83000,1.0
2005-05-30,1903,1903.TW,上市,22.200001,22.200001,22.1,22.1,17000,1.0
2005-05-31,1903,1903.TW,上市,22.15,22.299999,21.799999,22.1,142000,1.0
2005-06-01,1903,1903.TW,上市,22.1,22.6,22.0,22.6,292752,1.0
2005-06-02,1903,1903.TW,上市,22.5,23.299999,22.4,23.299999,641000,1.0
2005-06-03,1903,1903.TW,上市,23.35,23.6,22.799999,23.299999,508000,1.0
2005-06-06,1903,1903.TW,上市,23.299999,24.9,23.299999,24.9,325002,1.0
2005-06-07,1903,1903.TW,上市,25.4,25.4,24.299999,25.4,1357000,1.0
2005-06-08,1903,1903.TW,上市,25.200001,25.700001,25.1,25.5,1023108,1.0
2005-06-09,1903,1903.TW,上市,25.4,27.0,25.4,26.0,1677001,1.0
2005-06-10,1903,1903.TW,上市,26.0,26.25,25.799999,26.15,838001,1.0
2005-06-13,1903,1903.TW,上市,26.4,27.1,25.700001,26.5,769000,1.0
2005-06-14,1903,1903.TW,上市,26.4,26.4,25.799999,25.799999,373000,1.0
2005-06-15,1903,1903.TW,上市,25.700001,25.799999,25.4,25.799999,124251,1.0
2005-06-16,1903,1903.TW,上市,25.799999,25.799999,25.25,25.799999,231306,1.0
2005-06-17,1903,1903.TW,上市,25.799999,25.799999,25.299999,25.5,254002,1.0
2005-06-20,1903,1903.TW,上市,25.200001,25.35,25.0,25.0,110000,1.0
2005-06-21,1903,1903.TW,上市,25.0,25.299999,25.0,25.0,132413,1.0
2005-06-22,1903,1903.TW,上市,25.0,25.5,25.0,25.450001,239799,1.0
2005-06-23,1903,1903.TW,上市,25.549999,26.0,25.549999,26.0,470995,1.0
2005-06-24,1903,1903.TW,上市,26.0,26.1,25.5,26.0,354018,1.0
2005-06-27,1903,1903.TW,上市,25.9,27.799999,25.9,27.799999,1705001,1.0
2005-06-28,1903,1903.TW,上市,27.799999,27.9,27.200001,27.75,1176057,1.0
2005-06-29,1903,1903.TW,上市,27.75,27.799999,27.0,27.299999,430943,1.0
2005-06-30,1903,1903.TW,上市,26.700001,27.299999,26.6,27.299999,354000,1.0
2005-07-01,1903,1903.TW,上市,27.0,27.35,26.700001,27.200001,404010,1.0
2005-07-04,1903,1903.TW,上市,27.25,27.450001,26.700001,27.1,245030,1.0
2005-07-05,1903,1903.TW,上市,27.1,27.1,26.6,26.9,85000,1.0
2005-07-06,1903,1903.TW,上市,26.9,27.0,26.700001,27.0,243000,1.0
2005-07-07,1903,1903.TW,上市,27.0,27.549999,27.0,27.5,538000,1.0
2005-07-08,1903,1903.TW,上市,27.5,27.85,27.15,27.5,334005,1.0
2005-07-11,1903,1903.TW,上市,27.5,27.5,27.0,27.15,61011,1.0
2005-07-12,1903,1903.TW,上市,27.15,27.5,27.15,27.15,136000,1.0
2005-07-13,1903,1903.TW,上市,27.200001,27.4,26.799999,26.799999,118000,1.0
2005-07-14,1903,1903.TW,上市,26.9,27.0,26.5,26.65,211000,1.0
2005-07-15,1903,1903.TW,上市,26.65,26.700001,26.0,26.1,187130,1.0
2005-07-18,1903,1903.TW,上市,26.1,26.1,26.1,26.1,0,1.0
2005-07-19,1903,1903.TW,上市,26.200001,26.35,26.0,26.049999,336000,1.0
2005-07-20,1903,1903.TW,上市,26.049999,26.15,25.700001,25.85,298001,1.0
2005-07-21,1903,1903.TW,上市,24.700001,25.5,24.700001,25.200001,266503,1.0
2005-07-22,1903,1903.TW,上市,25.799999,26.200001,25.299999,25.85,303050,1.0
2005-07-25,1903,1903.TW,上市,25.4,26.200001,25.4,26.049999,53000,1.0
2005-07-26,1903,1903.TW,上市,26.0,26.0,25.299999,25.6,61100,1.0
2005-07-27,1903,1903.TW,上市,25.5,25.700001,25.5,25.6,59502,1.0
2005-07-28,1903,1903.TW,上市,25.5,25.75,25.299999,25.700001,45000,1.0
2005-07-29,1903,1903.TW,上市,25.9,26.549999,25.700001,26.0,153000,1.0
2005-08-01,1903,1903.TW,上市,25.799999,26.0,25.5,25.9,72716,1.0
2005-08-02,1903,1903.TW,上市,25.700001,25.85,25.4,25.799999,80000,1.0
2005-08-03,1903,1903.TW,上市,26.1,26.15,25.4,25.799999,53000,1.0
2005-08-04,1903,1903.TW,上市,25.700001,25.799999,25.6,25.6,29000,1.0
2005-08-05,1903,1903.TW,上市,25.6,25.6,25.6,25.6,0,1.0
2005-08-08,1903,1903.TW,上市,25.5,25.5,25.299999,25.299999,38499,1.0
2005-08-09,1903,1903.TW,上市,25.299999,26.0,25.299999,25.6,73500,1.0
2005-08-10,1903,1903.TW,上市,25.85,26.200001,25.799999,25.85,200000,1.0
2005-08-11,1903,1903.TW,上市,26.15,26.299999,25.799999,26.1,78000,1.0
2005-08-12,1903,1903.TW,上市,26.299999,27.0,26.0,26.4,370349,1.0
2005-08-15,1903,1903.TW,上市,26.4,26.65,25.5,26.25,197001,1.0
2005-08-16,1903,1903.TW,上市,26.200001,26.200001,25.6,25.6,84000,1.0
2005-08-17,1903,1903.TW,上市,25.6,25.700001,25.200001,25.25,172999,1.0
2005-08-18,1903,1903.TW,上市,25.299999,25.799999,25.25,25.25,131747,1.0
2005-08-19,1903,1903.TW,上市,25.200001,25.4,24.9,25.0,66130,1.0
2005-08-22,1903,1903.TW,上市,25.0,25.0,24.700001,24.700001,96936,1.0
2005-08-23,1903,1903.TW,上市,24.700001,25.299999,24.700001,24.75,50403,1.0
2005-08-24,1903,1903.TW,上市,25.4,25.4,24.700001,24.75,99013,1.0
2005-08-25,1903,1903.TW,上市,24.700001,24.700001,24.35,24.35,95721,1.0
2005-08-26,1903,1903.TW,上市,24.4,24.85,24.35,24.700001,89498,1.0
2005-08-29,1903,1903.TW,上市,24.700001,24.700001,24.200001,24.200001,46000,1.0
2005-08-30,1903,1903.TW,上市,24.4,24.9,24.35,24.700001,37010,1.0
2005-08-31,1903,1903.TW,上市,24.5,24.700001,24.200001,24.700001,81000,1.0
2005-09-01,1903,1903.TW,上市,24.700001,24.700001,24.700001,24.700001,0,1.0
2005-09-02,1903,1903.TW,上市,24.700001,24.9,24.5,24.799999,52216,1.0
2005-09-05,1903,1903.TW,上市,25.0,25.0,24.4,24.4,61386,1.0
2005-09-06,1903,1903.TW,上市,24.5,24.9,24.5,24.6,15003,1.0
2005-09-07,1903,1903.TW,上市,24.6,24.6,24.299999,24.4,161000,1.0
2005-09-08,1903,1903.TW,上市,24.4,24.4,24.15,24.299999,115000,1.0
2005-09-09,1903,1903.TW,上市,24.200001,24.200001,23.75,23.799999,162308,1.0
2005-09-12,1903,1903.TW,上市,23.700001,23.700001,23.35,23.549999,119542,1.0
2005-09-13,1903,1903.TW,上市,23.450001,23.450001,23.1,23.15,168126,1.0
2005-09-14,1903,1903.TW,上市,23.15,23.15,23.0,23.15,44000,1.0
2005-09-15,1903,1903.TW,上市,23.1,23.1,23.1,23.1,8425,1.0
2005-09-16,1903,1903.TW,上市,23.0,23.5,23.0,23.299999,40038,1.0
2005-09-19,1903,1903.TW,上市,23.299999,23.299999,23.0,23.0,27550,1.0
2005-09-20,1903,1903.TW,上市,22.9,22.9,22.200001,22.65,112520,1.0
2005-09-21,1903,1903.TW,上市,23.0,23.200001,22.35,22.799999,117630,1.0
2005-09-22,1903,1903.TW,上市,22.5,22.65,22.25,22.450001,163000,1.0
2005-09-23,1903,1903.TW,上市,22.299999,22.6,22.1,22.200001,62000,1.0
2005-09-26,1903,1903.TW,上市,22.5,22.6,21.950001,22.0,178000,1.0
2005-09-27,1903,1903.TW,上市,22.0,22.299999,21.75,22.299999,388204,1.0
2005-09-28,1903,1903.TW,上市,22.299999,22.5,21.950001,22.450001,220001,1.0
2005-09-29,1903,1903.TW,上市,22.450001,22.450001,22.200001,22.35,155625,1.0
2005-09-30,1903,1903.TW,上市,22.5,22.6,22.25,22.6,146000,1.0
2005-10-03,1903,1903.TW,上市,22.799999,22.799999,22.25,22.299999,118000,1.0
2005-10-04,1903,1903.TW,上市,22.35,22.35,22.049999,22.299999,181679,1.0
2005-10-05,1903,1903.TW,上市,22.299999,22.5,22.15,22.299999,192152,1.0
2005-10-06,1903,1903.TW,上市,22.299999,22.299999,22.15,22.299999,177199,1.0
2005-10-07,1903,1903.TW,上市,22.299999,22.299999,22.15,22.299999,71834,1.0
2005-10-10,1903,1903.TW,上市,22.299999,22.299999,22.299999,22.299999,0,1.0
2005-10-11,1903,1903.TW,上市,22.299999,22.5,22.049999,22.049999,131225,1.0
2005-10-12,1903,1903.TW,上市,22.049999,22.4,22.0,22.049999,124734,1.0
2005-10-13,1903,1903.TW,上市,22.049999,22.4,21.75,22.049999,304006,1.0
2005-10-14,1903,1903.TW,上市,21.85,22.299999,21.85,22.299999,46240,1.0
2005-10-17,1903,1903.TW,上市,22.299999,22.299999,21.799999,21.799999,111001,1.0
2005-10-18,1903,1903.TW,上市,21.799999,22.0,21.700001,21.75,73098,1.0
2005-10-19,1903,1903.TW,上市,21.799999,22.1,21.700001,21.85,92805,1.0
2005-10-20,1903,1903.TW,上市,21.799999,21.85,21.65,21.700001,125000,1.0
2005-10-21,1903,1903.TW,上市,21.75,22.0,21.5,22.0,180002,1.0
2005-10-24,1903,1903.TW,上市,22.0,22.0,21.799999,21.85,4057003,1.0
2005-10-25,1903,1903.TW,上市,22.0,23.35,22.0,22.9,789000,1.0
2005-10-26,1903,1903.TW,上市,23.0,23.049999,22.200001,22.700001,194000,1.0
2005-10-27,1903,1903.TW,上市,22.5,22.5,22.200001,22.200001,84087,1.0
2005-10-28,1903,1903.TW,上市,22.200001,22.200001,22.0,22.0,117000,1.0
2005-10-31,1903,1903.TW,上市,22.5,22.549999,22.200001,22.200001,47000,1.0
2005-11-01,1903,1903.TW,上市,22.200001,22.299999,22.200001,22.25,32000,1.0
2005-11-02,1903,1903.TW,上市,22.299999,22.700001,22.299999,22.299999,104199,1.0
2005-11-03,1903,1903.TW,上市,22.5,22.700001,22.200001,22.200001,140400,1.0
2005-11-04,1903,1903.TW,上市,22.200001,22.5,22.1,22.1,107443,1.0
2005-11-07,1903,1903.TW,上市,22.200001,22.5,21.950001,22.200001,95353,1.0
2005-11-08,1903,1903.TW,上市,22.0,22.0,21.0,21.85,76000,1.0
2005-11-09,1903,1903.TW,上市,21.799999,21.9,21.5,21.9,60780,1.0
2005-11-10,1903,1903.TW,上市,21.799999,22.15,21.65,22.049999,66000,1.0
2005-11-11,1903,1903.TW,上市,22.1,22.299999,21.9,22.15,36112,1.0
2005-11-14,1903,1903.TW,上市,22.1,22.1,21.85,21.85,47500,1.0
2005-11-15,1903,1903.TW,上市,21.9,22.200001,21.9,21.9,40622,1.0
2005-11-16,1903,1903.TW,上市,22.0,22.0,21.799999,21.799999,8000,1.0
2005-11-17,1903,1903.TW,上市,21.700001,21.799999,21.65,21.700001,96001,1.0
2005-11-18,1903,1903.TW,上市,21.799999,21.9,21.5,21.700001,56400,1.0
2005-11-21,1903,1903.TW,上市,21.9,21.9,21.6,21.700001,58039,1.0
2005-11-22,1903,1903.TW,上市,21.700001,21.799999,21.5,21.5,44736,1.0
2005-11-23,1903,1903.TW,上市,21.6,21.799999,21.5,21.5,38174,1.0
2005-11-24,1903,1903.TW,上市,21.5,21.65,21.5,21.65,20199,1.0
2005-11-25,1903,1903.TW,上市,21.549999,22.1,21.299999,21.9,253012,1.0
2005-11-28,1903,1903.TW,上市,21.9,22.6,21.799999,21.85,184406,1.0
2005-11-29,1903,1903.TW,上市,21.85,22.299999,21.85,22.0,106999,1.0
2005-11-30,1903,1903.TW,上市,22.0,22.450001,22.0,22.299999,99085,1.0
2005-12-01,1903,1903.TW,上市,22.5,22.5,22.200001,22.299999,99000,1.0
2005-12-02,1903,1903.TW,上市,22.299999,22.549999,22.299999,22.4,118002,1.0
2005-12-05,1903,1903.TW,上市,22.35,22.799999,22.35,22.65,64000,1.0
2005-12-06,1903,1903.TW,上市,22.6,23.200001,22.5,22.799999,154000,1.0
2005-12-07,1903,1903.TW,上市,22.799999,22.799999,22.450001,22.549999,73000,1.0
2005-12-08,1903,1903.TW,上市,22.549999,22.9,22.549999,22.6,67000,1.0
2005-12-09,1903,1903.TW,上市,22.6,22.6,22.450001,22.450001,83000,1.0
2005-12-12,1903,1903.TW,上市,22.5,22.9,22.35,22.35,44000,1.0
2005-12-13,1903,1903.TW,上市,22.4,22.549999,22.15,22.549999,34000,1.0
2005-12-14,1903,1903.TW,上市,22.200001,22.299999,22.049999,22.1,28000,1.0
2005-12-15,1903,1903.TW,上市,22.200001,22.299999,22.1,22.1,33000,1.0
2005-12-16,1903,1903.TW,上市,22.450001,23.1,22.450001,22.85,190000,1.0
2005-12-19,1903,1903.TW,上市,22.85,23.299999,22.700001,23.1,137000,1.0
2005-12-20,1903,1903.TW,上市,23.200001,24.5,23.200001,23.25,2313000,1.0
2005-12-21,1903,1903.TW,上市,23.9,24.0,23.25,24.0,251000,1.0
2005-12-22,1903,1903.TW,上市,24.0,24.0,23.25,23.25,133000,1.0
2005-12-23,1903,1903.TW,上市,23.450001,23.549999,23.25,23.35,78000,1.0
2005-12-26,1903,1903.TW,上市,23.35,24.0,23.35,23.5,79000,1.0
2005-12-27,1903,1903.TW,上市,23.799999,23.799999,23.35,23.5,51000,1.0
2005-12-28,1903,1903.TW,上市,23.5,23.6,23.299999,23.299999,48000,1.0
2005-12-29,1903,1903.TW,上市,23.700001,23.700001,23.200001,23.450001,186000,1.0
2005-12-30,1903,1903.TW,上市,23.450001,23.75,23.299999,23.299999,162000,1.0
2006-01-02,1903,1903.TW,上市,23.0,23.0,22.0,22.299999,257000,1.0
2006-01-03,1903,1903.TW,上市,22.299999,22.549999,22.1,22.549999,347000,1.0
2006-01-04,1903,1903.TW,上市,22.65,22.700001,22.0,22.25,128000,1.0
2006-01-05,1903,1903.TW,上市,22.5,23.799999,22.5,23.6,704000,1.0
2006-01-06,1903,1903.TW,上市,23.799999,24.200001,23.4,23.4,409000,1.0
2006-01-09,1903,1903.TW,上市,23.4,23.799999,23.200001,23.35,78000,1.0
2006-01-10,1903,1903.TW,上市,23.700001,23.75,23.299999,23.299999,110000,1.0
2006-01-11,1903,1903.TW,上市,23.5,23.799999,23.35,23.799999,155000,1.0
2006-01-12,1903,1903.TW,上市,23.799999,24.200001,23.6,24.0,257000,1.0
2006-01-13,1903,1903.TW,上市,24.0,24.1,23.5,23.799999,160000,1.0
2006-01-16,1903,1903.TW,上市,23.5,23.799999,23.5,23.6,36000,1.0
2006-01-17,1903,1903.TW,上市,23.5,23.5,23.1,23.25,47000,1.0
2006-01-18,1903,1903.TW,上市,23.15,23.15,22.5,22.549999,71000,1.0
2006-01-19,1903,1903.TW,上市,22.200001,23.0,22.049999,22.9,106000,1.0
2006-01-20,1903,1903.TW,上市,23.4,23.4,22.299999,22.299999,51000,1.0
2006-01-23,1903,1903.TW,上市,22.1,22.5,22.0,22.5,67000,1.0
2006-01-24,1903,1903.TW,上市,22.299999,22.6,22.299999,22.4,44000,1.0
2006-01-25,1903,1903.TW,上市,22.5,22.6,22.200001,22.299999,49000,1.0
2006-02-03,1903,1903.TW,上市,22.200001,22.65,22.200001,22.35,40000,1.0
2006-02-06,1903,1903.TW,上市,22.35,22.799999,22.200001,22.5,69000,1.0
2006-02-07,1903,1903.TW,上市,22.799999,23.35,22.6,23.35,97000,1.0
2006-02-08,1903,1903.TW,上市,23.299999,23.299999,22.5,22.6,64000,1.0
2006-02-09,1903,1903.TW,上市,23.0,23.0,22.6,22.700001,33000,1.0
2006-02-10,1903,1903.TW,上市,23.0,23.0,22.5,22.5,40000,1.0
2006-02-13,1903,1903.TW,上市,22.450001,22.5,22.4,22.4,18000,1.0
2006-02-14,1903,1903.TW,上市,22.5,22.9,22.4,22.9,35000,1.0
2006-02-15,1903,1903.TW,上市,22.6,22.6,22.299999,22.299999,93000,1.0
2006-02-16,1903,1903.TW,上市,22.6,22.6,22.200001,22.299999,52000,1.0
2006-02-17,1903,1903.TW,上市,22.4,22.9,22.4,22.9,82000,1.0
2006-02-20,1903,1903.TW,上市,23.0,23.0,22.450001,22.799999,54000,1.0
2006-02-21,1903,1903.TW,上市,22.799999,22.799999,22.4,22.4,29000,1.0
2006-02-22,1903,1903.TW,上市,22.4,23.0,22.15,22.15,276000,1.0
2006-02-23,1903,1903.TW,上市,22.15,22.5,22.15,22.4,61000,1.0
2006-02-24,1903,1903.TW,上市,22.299999,22.799999,22.1,22.5,122000,1.0
2006-02-27,1903,1903.TW,上市,22.75,22.75,22.35,22.5,47000,1.0
2006-03-01,1903,1903.TW,上市,22.5,22.5,22.200001,22.5,55000,1.0
2006-03-02,1903,1903.TW,上市,22.5,22.6,22.35,22.6,61000,1.0
2006-03-03,1903,1903.TW,上市,22.85,22.85,22.450001,22.450001,47000,1.0
2006-03-06,1903,1903.TW,上市,22.450001,22.450001,22.25,22.4,56000,1.0
2006-03-07,1903,1903.TW,上市,22.200001,22.4,22.200001,22.4,46000,1.0
2006-03-08,1903,1903.TW,上市,22.15,22.299999,22.15,22.25,10000,1.0
2006-03-09,1903,1903.TW,上市,22.200001,22.4,22.1,22.4,117000,1.0
2006-03-10,1903,1903.TW,上市,22.4,22.4,22.1,22.35,25000,1.0
2006-03-13,1903,1903.TW,上市,22.450001,22.65,22.200001,22.65,108000,1.0
2006-03-14,1903,1903.TW,上市,22.5,22.5,22.200001,22.5,37000,1.0
2006-03-15,1903,1903.TW,上市,22.1,22.5,21.799999,22.4,56000,1.0
2006-03-16,1903,1903.TW,上市,22.1,22.299999,22.0,22.0,139000,1.0
2006-03-17,1903,1903.TW,上市,22.0,22.0,21.9,21.9,15000,1.0
2006-03-20,1903,1903.TW,上市,21.9,21.9,21.5,21.5,51000,1.0
2006-03-21,1903,1903.TW,上市,21.1,21.6,21.1,21.25,40000,1.0
2006-03-22,1903,1903.TW,上市,21.200001,21.25,21.1,21.15,101000,1.0
2006-03-23,1903,1903.TW,上市,21.799999,21.799999,21.15,21.5,32000,1.0
2006-03-24,1903,1903.TW,上市,21.200001,21.4,21.200001,21.299999,16000,1.0
2006-03-27,1903,1903.TW,上市,21.299999,21.5,21.299999,21.5,17000,1.0
2006-03-28,1903,1903.TW,上市,21.5,21.6,21.5,21.6,52000,1.0
2006-03-29,1903,1903.TW,上市,21.5,21.700001,21.35,21.700001,22000,1.0
2006-03-30,1903,1903.TW,上市,21.5,21.799999,21.5,21.799999,158000,1.0
2006-03-31,1903,1903.TW,上市,21.9,22.5,21.700001,22.5,174000,1.0
2006-04-03,1903,1903.TW,上市,22.4,22.4,22.0,22.1,23000,1.0
2006-04-04,1903,1903.TW,上市,22.1,22.299999,21.6,22.299999,60000,1.0
2006-04-06,1903,1903.TW,上市,22.299999,22.299999,21.700001,22.25,49000,1.0
2006-04-07,1903,1903.TW,上市,22.35,22.5,22.0,22.5,98000,1.0
2006-04-10,1903,1903.TW,上市,22.25,22.5,22.0,22.35,84000,1.0
2006-04-11,1903,1903.TW,上市,22.299999,22.4,22.15,22.299999,30000,1.0
2006-04-12,1903,1903.TW,上市,22.299999,22.950001,22.299999,22.950001,243000,1.0
2006-04-13,1903,1903.TW,上市,22.950001,23.700001,22.950001,23.700001,554000,1.0
2006-04-14,1903,1903.TW,上市,23.950001,24.75,23.950001,24.65,1029000,1.0
2006-04-17,1903,1903.TW,上市,25.0,26.35,24.299999,26.35,1905000,1.0
2006-04-18,1903,1903.TW,上市,26.15,26.75,25.75,25.9,1298000,1.0
2006-04-19,1903,1903.TW,上市,26.450001,27.700001,26.200001,27.700001,2717000,1.0
2006-04-20,1903,1903.TW,上市,27.799999,28.200001,27.200001,27.9,1769000,1.0
2006-04-21,1903,1903.TW,上市,27.9,28.200001,27.35,27.35,895000,1.0
2006-04-24,1903,1903.TW,上市,27.299999,29.25,27.299999,29.25,1231000,1.0
2006-04-25,1903,1903.TW,上市,31.25,31.25,31.25,31.25,674000,1.0
2006-04-26,1903,1903.TW,上市,33.400002,33.400002,33.400002,33.400002,750000,1.0
2006-04-27,1903,1903.TW,上市,35.700001,35.700001,35.700001,35.700001,549000,1.0
2006-04-28,1903,1903.TW,上市,38.150002,38.150002,37.75,38.150002,6078000,1.0
2006-05-02,1903,1903.TW,上市,40.0,40.799999,39.200001,40.799999,1154000,1.0
2006-05-03,1903,1903.TW,上市,43.650002,43.650002,41.299999,43.25,6633000,1.0
2006-05-04,1903,1903.TW,上市,43.25,45.200001,42.0,43.25,3692000,1.0
2006-05-05,1903,1903.TW,上市,45.0,45.650002,41.650002,41.650002,5218000,1.0
2006-05-08,1903,1903.TW,上市,41.200001,44.099998,41.200001,43.5,4515000,1.0
2006-05-09,1903,1903.TW,上市,43.5,46.5,43.099998,46.5,8828000,1.0
2006-05-10,1903,1903.TW,上市,48.0,49.75,46.700001,49.75,9540000,1.0
2006-05-11,1903,1903.TW,上市,49.75,52.299999,47.799999,49.75,7426000,1.0
2006-05-12,1903,1903.TW,上市,49.75,51.400002,49.400002,49.599998,4325000,1.0
2006-05-15,1903,1903.TW,上市,49.799999,51.5,48.0,48.0,4114000,1.0
2006-05-16,1903,1903.TW,上市,49.0,49.0,45.0,45.200001,3838000,1.0
2006-05-17,1903,1903.TW,上市,45.700001,46.700001,44.549999,46.700001,3272000,1.0
2006-05-18,1903,1903.TW,上市,44.900002,47.5,44.900002,47.400002,1542000,1.0
2006-05-19,1903,1903.TW,上市,47.0,47.299999,45.700001,46.049999,1059000,1.0
2006-05-22,1903,1903.TW,上市,46.450001,46.700001,43.150002,43.599998,1506000,1.0
2006-05-23,1903,1903.TW,上市,44.599998,45.299999,43.900002,44.5,2261000,1.0
2006-05-24,1903,1903.TW,上市,45.0,47.599998,43.700001,47.599998,5107000,1.0
2006-05-25,1903,1903.TW,上市,47.599998,49.900002,47.599998,48.150002,3838000,1.0
2006-05-26,1903,1903.TW,上市,48.75,49.25,46.599998,47.099998,3323000,1.0
2006-05-29,1903,1903.TW,上市,47.099998,48.0,46.599998,47.0,1897000,1.0
2006-05-30,1903,1903.TW,上市,47.0,47.0,43.75,44.5,2505000,1.0
2006-06-01,1903,1903.TW,上市,43.599998,47.599998,43.599998,46.25,5095000,1.0
2006-06-02,1903,1903.TW,上市,46.0,46.849998,45.400002,46.25,1883000,1.0
2006-06-05,1903,1903.TW,上市,46.0,46.25,43.049999,43.150002,1774000,1.0
2006-06-06,1903,1903.TW,上市,40.799999,43.150002,40.150002,41.400002,2041000,1.0
2006-06-07,1903,1903.TW,上市,40.299999,42.200001,40.299999,41.400002,1061000,1.0
2006-06-08,1903,1903.TW,上市,40.900002,41.0,38.549999,38.549999,710000,1.0
2006-06-09,1903,1903.TW,上市,37.650002,38.549999,35.900002,38.549999,2122000,1.0
2006-06-12,1903,1903.TW,上市,37.0,38.299999,36.400002,38.150002,682000,1.0
2006-06-13,1903,1903.TW,上市,37.900002,39.200001,37.0,38.299999,820000,1.0
2006-06-14,1903,1903.TW,上市,38.299999,40.0,37.200001,39.5,1408000,1.0
2006-06-15,1903,1903.TW,上市,39.900002,40.099998,38.599998,39.450001,833000,1.0
2006-06-16,1903,1903.TW,上市,41.400002,42.0,40.549999,41.099998,1561000,1.0
2006-06-19,1903,1903.TW,上市,41.5,41.5,40.599998,41.299999,379000,1.0
2006-06-20,1903,1903.TW,上市,41.200001,41.299999,38.900002,39.299999,761000,1.0
2006-06-21,1903,1903.TW,上市,37.599998,39.299999,37.5,37.599998,307000,1.0
2006-06-22,1903,1903.TW,上市,37.950001,39.799999,37.950001,39.700001,527000,1.0
2006-06-23,1903,1903.TW,上市,39.700001,40.5,38.650002,40.349998,486000,1.0
2006-06-26,1903,1903.TW,上市,41.0,41.0,39.400002,39.900002,581000,1.0
2006-06-27,1903,1903.TW,上市,39.599998,41.799999,39.5,40.5,830000,1.0
2006-06-28,1903,1903.TW,上市,40.0,41.5,40.0,40.599998,726000,1.0
2006-06-29,1903,1903.TW,上市,41.099998,43.400002,41.099998,43.400002,1377000,1.0
2006-06-30,1903,1903.TW,上市,45.5,46.0,43.099998,43.599998,2465000,1.0
2006-07-03,1903,1903.TW,上市,43.799999,46.650002,43.799999,46.650002,3395000,1.0
2006-07-04,1903,1903.TW,上市,46.0,48.200001,45.599998,46.400002,2756000,1.0
2006-07-05,1903,1903.TW,上市,45.599998,47.25,45.599998,46.099998,2414000,1.0
2006-07-06,1903,1903.TW,上市,46.099998,46.799999,45.900002,46.599998,744000,1.0
2006-07-07,1903,1903.TW,上市,47.0,47.0,44.849998,46.400002,1162000,1.0
2006-07-10,1903,1903.TW,上市,45.099998,46.549999,44.900002,46.549999,554000,1.0
2006-07-11,1903,1903.TW,上市,46.900002,47.0,45.150002,45.200001,464000,1.0
2006-07-12,1903,1903.TW,上市,45.0,45.799999,44.200001,45.0,282000,1.0
2006-07-13,1903,1903.TW,上市,44.799999,45.5,44.400002,44.599998,225000,1.0
2006-07-14,1903,1903.TW,上市,44.200001,45.0,43.799999,43.950001,266000,1.0
2006-07-17,1903,1903.TW,上市,43.5,43.5,40.900002,40.900002,429000,1.0
2006-07-18,1903,1903.TW,上市,40.400002,40.900002,39.099998,40.200001,269000,1.0
2006-07-19,1903,1903.TW,上市,40.200001,41.5,39.599998,39.799999,236000,1.0
2006-07-20,1903,1903.TW,上市,40.5,41.799999,40.5,40.799999,188000,1.0
2006-07-21,1903,1903.TW,上市,40.799999,41.0,40.299999,41.0,121000,1.0
2006-07-24,1903,1903.TW,上市,40.099998,41.599998,40.099998,40.299999,167000,1.0
2006-07-25,1903,1903.TW,上市,40.450001,42.599998,40.450001,41.900002,372000,1.0
2006-07-26,1903,1903.TW,上市,41.599998,41.900002,40.75,40.799999,269000,1.0
2006-07-27,1903,1903.TW,上市,40.599998,41.400002,40.599998,40.799999,302000,1.0
2006-07-28,1903,1903.TW,上市,40.799999,41.5,39.799999,40.299999,802000,1.0
2006-07-31,1903,1903.TW,上市,40.299999,40.700001,39.700001,39.700001,291000,1.0
2006-08-01,1903,1903.TW,上市,39.700001,40.5,39.599998,40.25,279000,1.0
2006-08-02,1903,1903.TW,上市,40.25,42.0,40.25,40.900002,931000,1.0
2006-08-03,1903,1903.TW,上市,41.200001,41.650002,40.299999,40.450001,300000,1.0
2006-08-04,1903,1903.TW,上市,40.450001,40.799999,39.599998,39.700001,227000,1.0
2006-08-07,1903,1903.TW,上市,40.5,40.5,38.799999,38.799999,342000,1.0
2006-08-08,1903,1903.TW,上市,39.299999,39.5,38.849998,39.0,261000,1.0
2006-08-09,1903,1903.TW,上市,39.0,39.5,38.0,38.950001,486000,1.0
2006-08-10,1903,1903.TW,上市,39.400002,39.5,38.5,38.700001,422000,1.0
2006-08-11,1903,1903.TW,上市,39.0,39.200001,37.599998,38.599998,362000,1.0
2006-08-14,1903,1903.TW,上市,38.599998,38.900002,37.799999,38.5,361000,1.0
2006-08-15,1903,1903.TW,上市,38.5,38.5,37.700001,37.799999,327000,1.0
2006-08-16,1903,1903.TW,上市,37.849998,38.25,37.450001,37.5,568000,1.0
2006-08-17,1903,1903.TW,上市,37.849998,38.5,37.150002,38.5,1066000,1.0
2006-08-18,1903,1903.TW,上市,38.5,39.200001,38.0,38.0,358000,1.0
2006-08-21,1903,1903.TW,上市,38.200001,38.200001,36.799999,37.099998,319000,1.0
2006-08-22,1903,1903.TW,上市,37.200001,37.549999,36.700001,37.400002,564000,1.0
2006-08-23,1903,1903.TW,上市,38.400002,38.5,37.5,37.599998,710000,1.0
2006-08-24,1903,1903.TW,上市,37.299999,38.0,37.299999,37.900002,126000,1.0
2006-08-25,1903,1903.TW,上市,37.900002,38.150002,37.400002,37.799999,174000,1.0
2006-08-28,1903,1903.TW,上市,37.400002,37.799999,36.5,36.900002,194000,1.0
2006-08-29,1903,1903.TW,上市,36.5,37.200001,36.299999,36.799999,60000,1.0
2006-08-30,1903,1903.TW,上市,36.799999,37.5,36.799999,36.849998,127000,1.0
2006-08-31,1903,1903.TW,上市,37.299999,37.450001,37.0,37.25,121000,1.0
2006-09-01,1903,1903.TW,上市,37.5,37.900002,36.700001,37.5,159000,1.0
2006-09-04,1903,1903.TW,上市,37.900002,38.900002,37.400002,38.349998,283000,1.0
2006-09-05,1903,1903.TW,上市,38.5,38.700001,37.5,37.5,129000,1.0
2006-09-06,1903,1903.TW,上市,37.75,38.5,37.599998,37.700001,220000,1.0
2006-09-07,1903,1903.TW,上市,37.700001,38.5,37.700001,38.5,275000,1.0
2006-09-08,1903,1903.TW,上市,38.150002,38.450001,37.950001,38.400002,89000,1.0
2006-09-11,1903,1903.TW,上市,38.099998,39.299999,38.099998,39.25,474000,1.0
2006-09-12,1903,1903.TW,上市,39.25,39.25,38.150002,38.200001,50000,1.0
2006-09-13,1903,1903.TW,上市,38.5,38.650002,37.599998,38.25,77000,1.0
2006-09-14,1903,1903.TW,上市,38.650002,38.650002,36.0,36.099998,345000,1.0
2006-09-15,1903,1903.TW,上市,36.0,36.799999,35.599998,36.25,127000,1.0
2006-09-18,1903,1903.TW,上市,36.099998,38.0,36.099998,37.799999,361000,1.0
2006-09-19,1903,1903.TW,上市,37.799999,38.400002,37.799999,38.099998,184000,1.0
2006-09-20,1903,1903.TW,上市,38.450001,39.400002,38.450001,39.200001,1095000,1.0
2006-09-21,1903,1903.TW,上市,39.200001,39.299999,38.299999,38.900002,419000,1.0
2006-09-22,1903,1903.TW,上市,38.900002,39.0,38.200001,38.299999,103000,1.0
2006-09-25,1903,1903.TW,上市,38.299999,40.299999,38.299999,39.900002,560000,1.0
2006-09-26,1903,1903.TW,上市,40.200001,40.200001,38.700001,39.400002,302000,1.0
2006-09-27,1903,1903.TW,上市,41.200001,42.150002,40.799999,42.150002,942000,1.0
2006-09-28,1903,1903.TW,上市,43.700001,43.700001,40.799999,42.0,1532000,1.0
2006-09-29,1903,1903.TW,上市,40.5,41.900002,40.299999,40.400002,449000,1.0
2006-10-02,1903,1903.TW,上市,40.799999,42.0,40.799999,41.099998,726000,1.0
2006-10-03,1903,1903.TW,上市,41.099998,41.400002,40.799999,40.799999,329000,1.0
2006-10-04,1903,1903.TW,上市,41.799999,41.799999,39.799999,39.849998,385000,1.0
2006-10-05,1903,1903.TW,上市,40.0,40.799999,39.099998,39.599998,359000,1.0
2006-10-09,1903,1903.TW,上市,39.599998,39.599998,39.599998,39.599998,0,1.0
2006-10-11,1903,1903.TW,上市,39.599998,41.0,39.5,40.700001,368000,1.0
2006-10-12,1903,1903.TW,上市,41.0,41.5,40.200001,40.400002,455000,1.0
2006-10-13,1903,1903.TW,上市,41.900002,43.200001,41.5,42.700001,1892000,1.0
2006-10-16,1903,1903.TW,上市,44.450001,44.450001,43.200001,43.5,656000,1.0
2006-10-17,1903,1903.TW,上市,43.200001,43.400002,42.799999,42.799999,562000,1.0
2006-10-18,1903,1903.TW,上市,42.799999,44.0,42.799999,43.599998,697000,1.0
2006-10-19,1903,1903.TW,上市,43.799999,44.5,42.650002,42.650002,660000,1.0
2006-10-20,1903,1903.TW,上市,42.650002,43.0,41.5,42.299999,247000,1.0
2006-10-23,1903,1903.TW,上市,43.150002,45.0,42.700001,44.799999,986000,1.0
2006-10-24,1903,1903.TW,上市,45.0,45.299999,44.150002,45.200001,969000,1.0
2006-10-25,1903,1903.TW,上市,45.200001,45.599998,43.700001,43.75,369000,1.0
2006-10-26,1903,1903.TW,上市,43.75,44.450001,43.5,43.599998,164000,1.0
2006-10-27,1903,1903.TW,上市,43.599998,44.299999,42.700001,42.799999,219000,1.0
2006-10-30,1903,1903.TW,上市,42.5,43.0,42.299999,42.400002,156000,1.0
2006-10-31,1903,1903.TW,上市,42.049999,42.400002,42.0,42.099998,81000,1.0
2006-11-01,1903,1903.TW,上市,42.099998,42.799999,41.5,41.5,170000,1.0
2006-11-02,1903,1903.TW,上市,41.5,41.900002,40.799999,41.0,265000,1.0
2006-11-03,1903,1903.TW,上市,41.0,43.0,41.0,42.099998,383000,1.0
2006-11-06,1903,1903.TW,上市,41.099998,42.0,40.099998,41.5,222000,1.0
2006-11-07,1903,1903.TW,上市,42.25,44.400002,42.25,44.400002,2193000,1.0
2006-11-08,1903,1903.TW,上市,44.700001,44.700001,43.099998,43.400002,1373000,1.0
2006-11-09,1903,1903.TW,上市,43.900002,46.400002,43.799999,45.5,3418000,1.0
2006-11-10,1903,1903.TW,上市,45.599998,47.5,45.599998,46.299999,1695000,1.0
2006-11-13,1903,1903.TW,上市,47.200001,48.0,45.5,46.0,1404000,1.0
2006-11-14,1903,1903.TW,上市,46.299999,46.950001,45.0,45.299999,1215000,1.0
2006-11-15,1903,1903.TW,上市,45.0,46.099998,45.0,45.400002,566000,1.0
2006-11-16,1903,1903.TW,上市,45.400002,45.799999,44.599998,45.0,487000,1.0
2006-11-17,1903,1903.TW,上市,45.0,45.799999,45.0,45.400002,684000,1.0
2006-11-20,1903,1903.TW,上市,45.5,45.799999,44.099998,44.099998,357000,1.0
2006-11-21,1903,1903.TW,上市,44.400002,45.150002,43.799999,44.0,386000,1.0
2006-11-22,1903,1903.TW,上市,44.099998,45.299999,44.0,45.200001,588000,1.0
2006-11-23,1903,1903.TW,上市,45.200001,45.5,44.200001,44.5,557000,1.0
2006-11-24,1903,1903.TW,上市,45.0,45.0,44.200001,44.25,191000,1.0
2006-11-27,1903,1903.TW,上市,44.0,45.700001,44.0,44.549999,646000,1.0
2006-11-28,1903,1903.TW,上市,44.849998,45.75,44.5,45.0,728000,1.0
2006-11-29,1903,1903.TW,上市,45.0,45.5,44.5,44.5,253000,1.0
2006-11-30,1903,1903.TW,上市,44.599998,46.799999,44.599998,45.200001,926000,1.0
2006-12-01,1903,1903.TW,上市,46.0,47.549999,45.299999,46.299999,1066000,1.0
2006-12-04,1903,1903.TW,上市,46.299999,48.799999,46.299999,48.5,1441000,1.0
2006-12-05,1903,1903.TW,上市,48.299999,48.5,46.950001,47.799999,943000,1.0
2006-12-06,1903,1903.TW,上市,47.599998,48.0,47.099998,47.599998,474000,1.0
2006-12-07,1903,1903.TW,上市,47.700001,48.700001,47.0,48.0,981000,1.0
2006-12-08,1903,1903.TW,上市,47.599998,48.0,47.099998,47.299999,385000,1.0
2006-12-11,1903,1903.TW,上市,47.5,50.599998,47.5,50.599998,1681000,1.0
2006-12-12,1903,1903.TW,上市,51.599998,53.799999,51.0,51.700001,4131000,1.0
2006-12-13,1903,1903.TW,上市,52.099998,52.599998,48.099998,48.849998,1554000,1.0
2006-12-14,1903,1903.TW,上市,49.200001,50.799999,48.150002,49.900002,1202000,1.0
2006-12-15,1903,1903.TW,上市,50.700001,53.299999,49.799999,53.200001,2921000,1.0
2006-12-18,1903,1903.TW,上市,53.200001,56.799999,51.700001,55.0,2743000,1.0
2006-12-19,1903,1903.TW,上市,55.0,58.799999,55.0,58.200001,2875000,1.0
2006-12-20,1903,1903.TW,上市,59.5,62.0,59.0,59.700001,4046000,1.0
2006-12-21,1903,1903.TW,上市,59.200001,59.5,57.0,57.200001,1799000,1.0
2006-12-22,1903,1903.TW,上市,57.200001,58.200001,56.400002,57.599998,1553000,1.0
2006-12-25,1903,1903.TW,上市,59.0,59.5,58.299999,59.0,1315000,1.0
2006-12-26,1903,1903.TW,上市,59.0,60.900002,58.5,58.900002,1780000,1.0
2006-12-27,1903,1903.TW,上市,58.900002,59.400002,56.799999,56.799999,1034998,1.0
2006-12-28,1903,1903.TW,上市,56.799999,56.900002,55.0,55.200001,825000000,1.0
2006-12-29,1903,1903.TW,上市,55.400002,56.299999,55.099998,55.099998,960000,1.0
2007-01-02,1903,1903.TW,上市,55.700001,56.200001,55.0,55.299999,904000,1.0
2007-01-03,1903,1903.TW,上市,55.700001,56.400002,53.599998,53.599998,1238000,1.0
2007-01-04,1903,1903.TW,上市,53.599998,53.599998,52.0,52.200001,815000,1.0
2007-01-05,1903,1903.TW,上市,52.099998,53.599998,51.099998,52.799999,1121000,1.0
2007-01-08,1903,1903.TW,上市,53.0,55.0,53.0,54.5,1688000,1.0
2007-01-09,1903,1903.TW,上市,55.0,55.400002,53.599998,54.0,726000,1.0
2007-01-10,1903,1903.TW,上市,53.700001,53.700001,52.0,52.099998,726000,1.0
2007-01-11,1903,1903.TW,上市,52.0,52.400002,48.5,48.799999,1673000,1.0
2007-01-12,1903,1903.TW,上市,48.900002,50.099998,48.5,49.25,659000,1.0
2007-01-15,1903,1903.TW,上市,49.799999,49.799999,48.0,48.200001,770000,1.0
2007-01-16,1903,1903.TW,上市,48.099998,49.5,48.0,48.299999,325000,1.0
2007-01-17,1903,1903.TW,上市,48.5,49.150002,48.299999,48.650002,354000,1.0
2007-01-18,1903,1903.TW,上市,48.650002,49.450001,48.650002,49.0,318000,1.0
2007-01-19,1903,1903.TW,上市,48.900002,51.0,48.900002,50.099998,346000,1.0
2007-01-22,1903,1903.TW,上市,50.099998,50.099998,49.099998,49.150002,273000,1.0
2007-01-23,1903,1903.TW,上市,49.349998,50.5,49.0,50.0,427000,1.0
2007-01-24,1903,1903.TW,上市,51.0,51.0,49.0,49.150002,732000,1.0
2007-01-25,1903,1903.TW,上市,49.650002,49.849998,49.049999,49.049999,165000,1.0
2007-01-26,1903,1903.TW,上市,48.5,49.5,48.5,48.599998,207000,1.0
2007-01-29,1903,1903.TW,上市,49.0,49.5,48.700001,48.75,350000,1.0
2007-01-30,1903,1903.TW,上市,48.900002,48.900002,48.200001,48.400002,159000,1.0
2007-01-31,1903,1903.TW,上市,48.599998,48.799999,47.5,48.299999,171000,1.0
2007-02-01,1903,1903.TW,上市,48.299999,49.0,47.5,47.799999,150000,1.0
2007-02-02,1903,1903.TW,上市,48.299999,48.5,47.799999,47.799999,211000,1.0
2007-02-05,1903,1903.TW,上市,47.799999,48.900002,47.799999,48.799999,402000,1.0
2007-02-06,1903,1903.TW,上市,48.799999,49.299999,48.5,48.599998,140000,1.0
2007-02-07,1903,1903.TW,上市,49.0,49.299999,48.400002,48.5,225000,1.0
2007-02-08,1903,1903.TW,上市,49.099998,49.200001,48.150002,48.25,197000,1.0
2007-02-09,1903,1903.TW,上市,48.599998,50.0,48.5,49.799999,683000,1.0
2007-02-12,1903,1903.TW,上市,50.0,50.0,48.700001,48.75,172000,1.0
2007-02-13,1903,1903.TW,上市,48.75,50.799999,48.75,49.599998,602000,1.0
2007-02-14,1903,1903.TW,上市,51.0,52.099998,50.099998,51.0,930000,1.0
2007-02-26,1903,1903.TW,上市,52.400002,54.5,51.599998,54.299999,1856000,1.0
2007-02-27,1903,1903.TW,上市,53.799999,54.400002,52.299999,52.5,1189000,1.0
2007-03-01,1903,1903.TW,上市,50.299999,51.400002,50.200001,50.599998,392000,1.0
2007-03-02,1903,1903.TW,上市,51.0,51.799999,50.599998,51.200001,434000,1.0
2007-03-05,1903,1903.TW,上市,48.599998,49.200001,46.049999,46.049999,701000,1.0
2007-03-06,1903,1903.TW,上市,46.299999,46.799999,46.0,46.400002,756000,1.0
2007-03-07,1903,1903.TW,上市,46.900002,46.900002,46.0,46.599998,596000,1.0
2007-03-08,1903,1903.TW,上市,46.5,46.75,46.099998,46.599998,245000,1.0
2007-03-09,1903,1903.TW,上市,46.700001,48.200001,46.700001,46.799999,429000,1.0
2007-03-12,1903,1903.TW,上市,47.099998,47.799999,47.099998,47.599998,278000,1.0
2007-03-13,1903,1903.TW,上市,47.700001,48.5,47.700001,48.0,664000,1.0
2007-03-14,1903,1903.TW,上市,47.299999,47.799999,47.0,47.25,312000,1.0
2007-03-15,1903,1903.TW,上市,47.25,48.900002,47.25,48.0,538000,1.0
2007-03-16,1903,1903.TW,上市,48.599998,48.599998,47.5,47.799999,266000,1.0
2007-03-19,1903,1903.TW,上市,48.0,48.900002,48.0,48.0,268000,1.0
2007-03-20,1903,1903.TW,上市,48.5,48.5,47.5,47.599998,276000,1.0
2007-03-21,1903,1903.TW,上市,48.299999,48.299999,47.549999,47.549999,194000,1.0
2007-03-22,1903,1903.TW,上市,48.200001,48.299999,47.549999,47.549999,204000,1.0
2007-03-23,1903,1903.TW,上市,47.599998,48.0,47.549999,47.799999,95000,1.0
2007-03-26,1903,1903.TW,上市,47.799999,47.799999,47.349998,47.5,258000,1.0
2007-03-27,1903,1903.TW,上市,47.200001,47.5,46.700001,46.700001,205000,1.0
2007-03-28,1903,1903.TW,上市,46.75,47.5,46.049999,46.049999,131000,1.0
2007-03-29,1903,1903.TW,上市,46.099998,46.900002,46.099998,46.549999,111000,1.0
2007-03-30,1903,1903.TW,上市,46.799999,47.200001,46.25,46.599998,234000,1.0
2007-04-02,1903,1903.TW,上市,46.599998,47.0,46.299999,46.400002,133000,1.0
2007-04-03,1903,1903.TW,上市,46.900002,46.900002,46.299999,46.599998,160000,1.0
2007-04-04,1903,1903.TW,上市,46.5,47.799999,46.5,47.650002,522000,1.0
2007-04-09,1903,1903.TW,上市,48.0,50.0,47.650002,50.0,1058000,1.0
2007-04-10,1903,1903.TW,上市,50.0,50.0,48.5,50.0,721000,1.0
2007-04-11,1903,1903.TW,上市,50.5,51.200001,50.0,50.299999,850000,1.0
2007-04-12,1903,1903.TW,上市,50.0,50.299999,49.5,50.200001,321000,1.0
2007-04-13,1903,1903.TW,上市,50.799999,53.0,50.5,50.5,1344000,1.0
2007-04-16,1903,1903.TW,上市,51.099998,52.0,50.5,50.5,1020000,1.0
2007-04-17,1903,1903.TW,上市,51.0,51.5,48.900002,49.299999,1100000,1.0
2007-04-18,1903,1903.TW,上市,49.299999,49.849998,48.599998,49.75,562000,1.0
2007-04-19,1903,1903.TW,上市,49.5,49.5,48.700001,48.849998,400000,1.0
2007-04-20,1903,1903.TW,上市,49.0,49.5,48.849998,49.0,579000,1.0
2007-04-23,1903,1903.TW,上市,49.700001,50.599998,49.400002,49.5,1051000,1.0
2007-04-24,1903,1903.TW,上市,49.799999,50.200001,49.049999,49.5,593000,1.0
2007-04-25,1903,1903.TW,上市,49.099998,50.0,49.099998,49.150002,452000,1.0
2007-04-26,1903,1903.TW,上市,49.299999,49.700001,48.900002,48.900002,306000,1.0
2007-04-27,1903,1903.TW,上市,49.099998,49.299999,48.5,48.900002,343000,1.0
2007-04-30,1903,1903.TW,上市,48.799999,49.0,47.099998,47.200001,681000,1.0
2007-05-02,1903,1903.TW,上市,47.599998,48.400002,47.200001,47.700001,412000,1.0
2007-05-03,1903,1903.TW,上市,48.099998,48.099998,46.5,47.0,369000,1.0
2007-05-04,1903,1903.TW,上市,47.0,49.299999,47.0,49.25,660000,1.0
2007-05-07,1903,1903.TW,上市,50.0,50.299999,48.700001,48.900002,678000,1.0
2007-05-08,1903,1903.TW,上市,48.700001,48.799999,47.5,48.299999,151000,1.0
2007-05-09,1903,1903.TW,上市,48.0,48.650002,48.0,48.0,264000,1.0
2007-05-10,1903,1903.TW,上市,48.5,48.5,47.700001,48.0,98000,1.0
2007-05-11,1903,1903.TW,上市,47.5,47.700001,47.400002,47.5,269000,1.0
2007-05-14,1903,1903.TW,上市,47.5,48.0,47.299999,47.400002,216000,1.0
2007-05-15,1903,1903.TW,上市,47.400002,47.400002,47.0,47.0,81000,1.0
2007-05-16,1903,1903.TW,上市,46.599998,47.150002,46.599998,46.849998,169000,1.0
2007-05-17,1903,1903.TW,上市,47.5,47.5,46.700001,46.799999,150000,1.0
2007-05-18,1903,1903.TW,上市,47.450001,47.450001,46.799999,47.0,58000,1.0
2007-05-21,1903,1903.TW,上市,47.200001,47.200001,46.599998,46.900002,162000,1.0
2007-05-22,1903,1903.TW,上市,47.200001,48.299999,47.0,47.200001,217000,1.0
2007-05-23,1903,1903.TW,上市,47.599998,47.950001,47.299999,47.599998,186000,1.0
2007-05-24,1903,1903.TW,上市,47.799999,47.799999,46.799999,47.200001,84000,1.0
2007-05-25,1903,1903.TW,上市,47.200001,48.0,47.200001,47.25,200000,1.0
2007-05-28,1903,1903.TW,上市,47.200001,47.900002,47.0,47.299999,176000,1.0
2007-05-29,1903,1903.TW,上市,47.099998,47.900002,47.099998,47.5,430000,1.0
2007-05-30,1903,1903.TW,上市,47.650002,48.099998,47.299999,47.5,261000,1.0
2007-05-31,1903,1903.TW,上市,47.650002,47.900002,47.200001,47.200001,175000,1.0
2007-06-01,1903,1903.TW,上市,47.200001,47.299999,46.599998,46.599998,404000,1.0
2007-06-04,1903,1903.TW,上市,46.650002,46.799999,45.5,45.799999,295000,1.0
2007-06-05,1903,1903.TW,上市,45.900002,45.900002,45.299999,45.5,194000,1.0
2007-06-06,1903,1903.TW,上市,45.599998,46.200001,45.400002,45.849998,179000,1.0
2007-06-07,1903,1903.TW,上市,45.849998,45.849998,45.450001,45.5,144000,1.0
2007-06-08,1903,1903.TW,上市,45.5,46.0,45.200001,45.299999,229000,1.0
2007-06-11,1903,1903.TW,上市,45.299999,45.799999,45.0,45.200001,189000,1.0
2007-06-12,1903,1903.TW,上市,45.299999,46.099998,45.299999,46.099998,224000,1.0
2007-06-13,1903,1903.TW,上市,46.299999,46.799999,45.799999,45.799999,130000,1.0
2007-06-14,1903,1903.TW,上市,45.900002,46.5,45.900002,46.0,105000,1.0
2007-06-15,1903,1903.TW,上市,46.200001,47.200001,46.099998,47.0,535000,1.0
2007-06-20,1903,1903.TW,上市,48.0,48.799999,47.549999,48.200001,650000,1.0
2007-06-21,1903,1903.TW,上市,48.200001,48.700001,46.799999,47.099998,692000,1.0
2007-06-22,1903,1903.TW,上市,48.099998,48.099998,47.049999,47.700001,646000,1.0
2007-06-25,1903,1903.TW,上市,48.5,51.200001,48.5,49.799999,1847000,1.0
2007-06-26,1903,1903.TW,上市,49.5,50.0,48.450001,48.5,472000,1.0
2007-06-27,1903,1903.TW,上市,48.5,49.5,48.200001,49.299999,357000,1.0
2007-06-28,1903,1903.TW,上市,49.900002,51.099998,49.599998,49.799999,1137000,1.0
2007-06-29,1903,1903.TW,上市,50.0,50.900002,49.25,49.299999,713000,1.0
2007-07-02,1903,1903.TW,上市,50.299999,50.599998,49.200001,49.599998,490000,1.0
2007-07-03,1903,1903.TW,上市,50.099998,53.0,49.700001,53.0,2933000,1.0
2007-07-04,1903,1903.TW,上市,54.5,55.5,52.099998,52.099998,3015000,1.0
2007-07-05,1903,1903.TW,上市,52.299999,52.799999,51.299999,51.299999,1989000,1.0
2007-07-06,1903,1903.TW,上市,53.299999,53.299999,51.299999,52.0,1077000,1.0
2007-07-09,1903,1903.TW,上市,52.900002,52.900002,51.5,51.5,979000,1.0
2007-07-10,1903,1903.TW,上市,51.5,52.400002,51.5,52.099998,885000,1.0
2007-07-11,1903,1903.TW,上市,51.799999,52.0,51.0,51.200001,774000,1.0
2007-07-12,1903,1903.TW,上市,51.5,52.099998,51.0,51.099998,1133000,1.0
2007-07-13,1903,1903.TW,上市,52.0,53.200001,51.599998,53.0,2149000,1.0
2007-07-16,1903,1903.TW,上市,53.599998,55.900002,52.700001,54.0,3259000,1.0
2007-07-17,1903,1903.TW,上市,55.0,55.0,53.400002,54.0,1101000,1.0
2007-07-18,1903,1903.TW,上市,54.5,56.799999,54.299999,55.0,3022000,1.0
2007-07-19,1903,1903.TW,上市,55.599998,58.799999,55.5,56.599998,3881000,1.0
2007-07-20,1903,1903.TW,上市,56.599998,57.0,54.200001,55.0,1865000,1.0
2007-07-23,1903,1903.TW,上市,55.0,56.0,54.200001,54.200001,1194000,1.0
2007-07-24,1903,1903.TW,上市,54.200001,55.5,53.599998,53.599998,1321000,1.0
2007-07-25,1903,1903.TW,上市,53.400002,54.599998,53.400002,53.400002,868000,1.0
2007-07-26,1903,1903.TW,上市,53.599998,55.200001,52.799999,52.799999,1645000,1.0
2007-07-27,1903,1903.TW,上市,51.799999,52.0,49.200001,49.549999,1097000,1.0
2007-07-30,1903,1903.TW,上市,49.099998,49.450001,48.0,48.799999,493000,1.0
2007-07-31,1903,1903.TW,上市,50.5,50.5,48.549999,49.200001,665000,1.0
2007-08-01,1903,1903.TW,上市,48.799999,49.599998,47.200001,47.25,650000,1.0
2007-08-02,1903,1903.TW,上市,47.5,48.0,45.5,47.200001,725000,1.0
2007-08-03,1903,1903.TW,上市,47.900002,48.0,46.75,47.0,359000,1.0
2007-08-06,1903,1903.TW,上市,45.5,45.700001,44.700001,45.150002,568000,1.0
2007-08-07,1903,1903.TW,上市,45.599998,46.0,44.549999,44.549999,181000,1.0
2007-08-08,1903,1903.TW,上市,44.799999,46.099998,44.650002,45.700001,471000,1.0
2007-08-09,1903,1903.TW,上市,46.099998,46.450001,45.799999,45.900002,432000,1.0
2007-08-10,1903,1903.TW,上市,44.799999,45.299999,44.599998,44.900002,378000,1.0
2007-08-13,1903,1903.TW,上市,44.900002,45.299999,44.299999,44.299999,409000,1.0
2007-08-14,1903,1903.TW,上市,44.599998,45.299999,44.5,44.599998,405000,1.0
2007-08-15,1903,1903.TW,上市,44.5,44.5,42.5,43.200001,326000,1.0
2007-08-16,1903,1903.TW,上市,42.5,42.5,40.200001,40.200001,431000,1.0
2007-08-17,1903,1903.TW,上市,39.599998,40.0,37.400002,37.599998,441000,1.0
2007-08-20,1903,1903.TW,上市,40.099998,40.099998,38.349998,40.0,370000,1.0
2007-08-21,1903,1903.TW,上市,40.0,40.0,37.200001,37.5,465000,1.0
2007-08-22,1903,1903.TW,上市,37.099998,38.700001,37.0,38.400002,270000,1.0
2007-08-23,1903,1903.TW,上市,39.599998,39.799999,39.0,39.5,324000,1.0
2007-08-24,1903,1903.TW,上市,39.5,39.799999,38.900002,39.0,407000,1.0
2007-08-27,1903,1903.TW,上市,40.0,40.0,39.099998,39.099998,158000,1.0
2007-08-28,1903,1903.TW,上市,39.0,39.200001,38.5,39.099998,91000,1.0
2007-08-29,1903,1903.TW,上市,38.5,38.5,37.299999,37.799999,105000,1.0
2007-08-30,1903,1903.TW,上市,38.799999,39.099998,38.349998,38.400002,277000,1.0
2007-08-31,1903,1903.TW,上市,39.0,39.400002,38.700001,39.200001,432000,1.0
2007-09-03,1903,1903.TW,上市,39.200001,40.200001,39.200001,39.700001,576000,1.0
2007-09-04,1903,1903.TW,上市,39.799999,41.700001,39.700001,39.900002,1332000,1.0
2007-09-05,1903,1903.TW,上市,40.450001,40.799999,39.5,39.5,1008000,1.0
2007-09-06,1903,1903.TW,上市,39.299999,39.5,38.400002,39.400002,303000,1.0
2007-09-07,1903,1903.TW,上市,39.400002,40.0,38.900002,39.0,470000,1.0
2007-09-10,1903,1903.TW,上市,38.700001,38.900002,38.0,38.700001,142000,1.0
2007-09-11,1903,1903.TW,上市,38.700001,39.700001,38.700001,39.0,287000,1.0
2007-09-12,1903,1903.TW,上市,39.25,39.450001,38.650002,38.700001,239000,1.0
2007-09-13,1903,1903.TW,上市,38.700001,38.700001,38.299999,38.299999,293000,1.0
2007-09-14,1903,1903.TW,上市,38.5,38.900002,38.200001,38.599998,191000,1.0
2007-09-17,1903,1903.TW,上市,38.400002,38.599998,37.950001,38.200001,101000,1.0
2007-09-18,1903,1903.TW,上市,38.200001,38.200001,38.200001,38.200001,0,1.0
2007-09-19,1903,1903.TW,上市,38.599998,38.900002,37.799999,38.0,138000,1.0
2007-09-20,1903,1903.TW,上市,38.099998,39.349998,38.099998,38.700001,285000,1.0
2007-09-21,1903,1903.TW,上市,38.799999,40.849998,38.700001,40.5,817000,1.0
2007-09-26,1903,1903.TW,上市,41.200001,41.200001,40.200001,40.700001,642000,1.0
2007-09-27,1903,1903.TW,上市,40.700001,41.5,40.0,40.5,505000,1.0
2007-09-28,1903,1903.TW,上市,40.5,40.900002,40.049999,40.200001,298000,1.0
2007-10-01,1903,1903.TW,上市,44.099998,44.099998,42.599998,42.799999,1802000,1.0
2007-10-02,1903,1903.TW,上市,43.299999,43.5,41.799999,42.0,838000,1.0
2007-10-03,1903,1903.TW,上市,42.0,42.849998,41.75,42.0,508000,1.0
2007-10-04,1903,1903.TW,上市,42.700001,43.299999,41.799999,41.799999,688000,1.0
2007-10-05,1903,1903.TW,上市,41.900002,42.349998,41.799999,41.900002,239000,1.0
2007-10-08,1903,1903.TW,上市,41.900002,42.400002,41.799999,41.799999,271000,1.0
2007-10-09,1903,1903.TW,上市,41.75,41.75,40.049999,40.099998,417000,1.0
2007-10-11,1903,1903.TW,上市,41.5,41.5,40.200001,40.200001,339000,1.0
2007-10-12,1903,1903.TW,上市,40.599998,41.5,40.0,40.200001,348000,1.0
2007-10-15,1903,1903.TW,上市,40.299999,40.799999,40.200001,40.700001,154000,1.0
2007-10-16,1903,1903.TW,上市,40.700001,40.700001,40.200001,40.299999,127000,1.0
2007-10-17,1903,1903.TW,上市,40.5,41.950001,40.299999,41.099998,459000,1.0
2007-10-18,1903,1903.TW,上市,41.900002,41.900002,40.599998,41.25,270000,1.0
2007-10-19,1903,1903.TW,上市,41.25,41.25,40.200001,40.200001,323000,1.0
2007-10-22,1903,1903.TW,上市,39.200001,39.549999,38.299999,38.799999,334000,1.0
2007-10-23,1903,1903.TW,上市,38.799999,39.799999,38.799999,39.049999,138000,1.0
2007-10-24,1903,1903.TW,上市,39.799999,39.799999,39.0,39.0,165000,1.0
2007-10-25,1903,1903.TW,上市,38.799999,39.450001,38.650002,38.900002,146000,1.0
2007-10-26,1903,1903.TW,上市,39.0,39.200001,38.75,38.799999,161000,1.0
2007-10-29,1903,1903.TW,上市,39.099998,39.75,38.950001,39.450001,530000,1.0
2007-10-30,1903,1903.TW,上市,39.0,39.549999,38.950001,39.549999,242000,1.0
2007-10-31,1903,1903.TW,上市,39.599998,39.799999,39.0,39.0,144000,1.0
2007-11-01,1903,1903.TW,上市,39.099998,39.400002,38.049999,38.200001,221000,1.0
2007-11-02,1903,1903.TW,上市,37.299999,38.900002,37.299999,37.900002,252000,1.0
2007-11-05,1903,1903.TW,上市,38.049999,38.200001,37.299999,38.200001,161000,1.0
2007-11-06,1903,1903.TW,上市,38.200001,38.849998,38.049999,38.299999,225000,1.0
2007-11-07,1903,1903.TW,上市,38.799999,38.950001,38.5,38.75,112000,1.0
2007-11-08,1903,1903.TW,上市,37.900002,38.0,36.049999,36.349998,402000,1.0
2007-11-09,1903,1903.TW,上市,36.099998,36.150002,33.849998,35.599998,522000,1.0
2007-11-12,1903,1903.TW,上市,33.5,34.25,33.150002,33.150002,319000,1.0
2007-11-13,1903,1903.TW,上市,32.599998,32.799999,31.4,32.200001,321000,1.0
2007-11-14,1903,1903.TW,上市,33.099998,34.450001,33.099998,34.450001,352000,1.0
2007-11-15,1903,1903.TW,上市,35.0,36.299999,34.450001,35.099998,288000,1.0
2007-11-16,1903,1903.TW,上市,34.900002,34.900002,33.150002,33.5,315000,1.0
2007-11-19,1903,1903.TW,上市,33.650002,34.299999,33.650002,34.25,197000,1.0
2007-11-20,1903,1903.TW,上市,32.700001,33.900002,32.599998,33.900002,158000,1.0
2007-11-21,1903,1903.TW,上市,34.549999,34.549999,33.25,33.299999,98000,1.0
2007-11-22,1903,1903.TW,上市,33.299999,34.200001,33.049999,33.599998,108000,1.0
2007-11-23,1903,1903.TW,上市,33.599998,33.599998,32.599998,32.700001,100000,1.0
2007-11-26,1903,1903.TW,上市,32.700001,33.0,32.150002,32.900002,209000,1.0
2007-11-27,1903,1903.TW,上市,32.0,32.049999,30.700001,31.799999,212000,1.0
2007-11-28,1903,1903.TW,上市,32.049999,32.049999,31.049999,31.700001,152000,1.0
2007-11-29,1903,1903.TW,上市,32.5,32.5,31.700001,31.799999,148000,1.0
2007-11-30,1903,1903.TW,上市,32.099998,33.0,31.6,33.0,156000,1.0
2007-12-03,1903,1903.TW,上市,33.299999,33.549999,32.799999,33.150002,88000,1.0
2007-12-04,1903,1903.TW,上市,33.150002,33.450001,32.599998,33.349998,124000,1.0
2007-12-05,1903,1903.TW,上市,33.099998,33.200001,32.75,32.799999,95000,1.0
2007-12-06,1903,1903.TW,上市,33.049999,33.599998,32.900002,33.299999,124000,1.0
2007-12-07,1903,1903.TW,上市,33.299999,33.75,33.099998,33.200001,111000,1.0
2007-12-10,1903,1903.TW,上市,33.200001,33.5,32.700001,32.700001,65000,1.0
2007-12-11,1903,1903.TW,上市,32.799999,33.049999,32.75,32.799999,112000,1.0
2007-12-12,1903,1903.TW,上市,32.5,32.700001,32.0,32.700001,63000,1.0
2007-12-13,1903,1903.TW,上市,32.799999,33.200001,31.9,32.200001,202000,1.0
2007-12-14,1903,1903.TW,上市,32.200001,32.200001,29.950001,31.299999,223000,1.0
2007-12-17,1903,1903.TW,上市,31.0,31.0,29.15,29.15,212000,1.0
2007-12-18,1903,1903.TW,上市,27.15,27.950001,27.15,27.15,949000,1.0
2007-12-19,1903,1903.TW,上市,27.15,29.049999,27.15,28.1,462000,1.0
2007-12-20,1903,1903.TW,上市,28.200001,28.5,27.200001,27.75,238000,1.0
2007-12-21,1903,1903.TW,上市,28.0,28.0,26.0,27.200001,275000,1.0
2007-12-24,1903,1903.TW,上市,28.0,29.1,27.700001,29.1,619000,1.0
2007-12-25,1903,1903.TW,上市,29.700001,29.700001,29.1,29.1,216000,1.0
2007-12-26,1903,1903.TW,上市,29.0,29.700001,28.5,29.700001,145000,1.0
2007-12-27,1903,1903.TW,上市,29.700001,30.15,29.1,29.5,242000,1.0
2007-12-28,1903,1903.TW,上市,29.6,31.549999,29.299999,31.549999,514000,1.0
2007-12-31,1903,1903.TW,上市,32.0,32.0,30.5,31.9,234000,1.0
2008-01-02,1903,1903.TW,上市,31.799999,34.099998,31.35,32.200001,783000,1.0
2008-01-03,1903,1903.TW,上市,32.0,32.799999,31.299999,32.799999,229000,1.0
2008-01-04,1903,1903.TW,上市,32.799999,33.950001,32.349998,33.549999,560000,1.0
2008-01-07,1903,1903.TW,上市,32.200001,33.299999,31.5,32.5,391000,1.0
2008-01-08,1903,1903.TW,上市,32.0,33.200001,32.0,32.349998,404000,1.0
2008-01-09,1903,1903.TW,上市,32.0,32.349998,31.299999,32.25,282000,1.0
2008-01-10,1903,1903.TW,上市,32.549999,33.200001,32.200001,32.200001,235000,1.0
2008-01-11,1903,1903.TW,上市,32.5,32.799999,31.799999,32.0,113000,1.0
2008-01-14,1903,1903.TW,上市,34.200001,34.200001,33.400002,34.200001,751000,1.0
2008-01-15,1903,1903.TW,上市,36.549999,36.549999,36.5,36.549999,650000,1.0
2008-01-16,1903,1903.TW,上市,39.0,39.099998,37.599998,39.099998,3064000,1.0
2008-01-17,1903,1903.TW,上市,40.0,40.400002,37.5,39.5,2546000,1.0
2008-01-18,1903,1903.TW,上市,38.950001,42.25,37.799999,42.25,2340000,1.0
2008-01-21,1903,1903.TW,上市,44.799999,45.200001,44.0,45.200001,884000,1.0
2008-01-22,1903,1903.TW,上市,42.049999,44.900002,42.049999,42.049999,1645000,1.0
2008-01-23,1903,1903.TW,上市,43.0,43.099998,39.150002,39.150002,1683000,1.0
2008-01-24,1903,1903.TW,上市,39.150002,40.799999,37.700001,40.5,2500000,1.0
2008-01-25,1903,1903.TW,上市,41.700001,42.5,40.299999,40.900002,1795000,1.0
2008-01-28,1903,1903.TW,上市,41.5,43.200001,40.599998,40.900002,1868000,1.0
2008-01-29,1903,1903.TW,上市,41.5,41.700001,38.049999,39.299999,1237000,1.0
2008-01-30,1903,1903.TW,上市,39.299999,39.299999,38.099998,38.599998,512000,1.0
2008-01-31,1903,1903.TW,上市,38.599998,39.349998,37.950001,38.700001,629000,1.0
2008-02-01,1903,1903.TW,上市,39.5,41.400002,39.25,41.400002,1486000,1.0
2008-02-12,1903,1903.TW,上市,40.900002,44.25,40.799999,44.25,2513000,1.0
2008-02-13,1903,1903.TW,上市,44.599998,46.0,43.5,44.25,2356000,1.0
2008-02-14,1903,1903.TW,上市,45.599998,46.299999,44.099998,45.5,2580000,1.0
2008-02-15,1903,1903.TW,上市,44.5,46.5,44.349998,45.5,1168000,1.0
2008-02-18,1903,1903.TW,上市,45.5,45.5,44.0,45.0,920000,1.0
2008-02-19,1903,1903.TW,上市,45.5,48.0,45.099998,46.549999,2103000,1.0
2008-02-20,1903,1903.TW,上市,46.900002,47.5,45.0,47.5,816000,1.0
2008-02-21,1903,1903.TW,上市,46.900002,48.299999,46.75,48.299999,1794000,1.0
2008-02-22,1903,1903.TW,上市,47.849998,48.5,47.099998,48.5,1017000,1.0
2008-02-25,1903,1903.TW,上市,48.700001,51.0,48.5,50.599998,2248000,1.0
2008-02-26,1903,1903.TW,上市,50.599998,51.700001,47.099998,47.700001,2028000,1.0
2008-02-27,1903,1903.TW,上市,47.700001,48.099998,47.049999,47.700001,1014000,1.0
2008-02-29,1903,1903.TW,上市,47.700001,49.650002,47.5,47.799999,1845000,1.0
2008-03-03,1903,1903.TW,上市,47.099998,49.0,47.099998,48.5,1290000,1.0
2008-03-04,1903,1903.TW,上市,49.099998,49.200001,47.900002,48.799999,752000,1.0
2008-03-05,1903,1903.TW,上市,48.799999,51.5,48.799999,50.5,2035000,1.0
2008-03-06,1903,1903.TW,上市,51.200001,51.5,47.0,48.0,2157000,1.0
2008-03-07,1903,1903.TW,上市,47.900002,48.400002,46.200001,47.5,901000,1.0
2008-03-10,1903,1903.TW,上市,46.599998,47.400002,45.299999,45.799999,481000,1.0
2008-03-11,1903,1903.TW,上市,43.5,46.700001,43.5,46.5,676000,1.0
2008-03-12,1903,1903.TW,上市,47.5,47.599998,45.700001,45.700001,658000,1.0
2008-03-13,1903,1903.TW,上市,45.5,45.700001,44.0,44.0,385000,1.0
2008-03-14,1903,1903.TW,上市,44.700001,45.5,44.0,44.099998,615000,1.0
2008-03-17,1903,1903.TW,上市,44.099998,45.450001,44.0,45.0,469000,1.0
2008-03-18,1903,1903.TW,上市,45.0,45.400002,44.200001,45.0,410000,1.0
2008-03-19,1903,1903.TW,上市,45.900002,46.299999,44.700001,45.0,742000,1.0
2008-03-20,1903,1903.TW,上市,45.400002,46.700001,45.200001,46.5,824000,1.0
2008-03-21,1903,1903.TW,上市,47.599998,48.0,46.200001,46.349998,775000,1.0
2008-03-24,1903,1903.TW,上市,49.549999,49.549999,48.0,49.549999,1866000,1.0
2008-03-25,1903,1903.TW,上市,50.400002,50.799999,48.200001,48.200001,1784000,1.0
2008-03-26,1903,1903.TW,上市,48.5,49.400002,48.5,49.0,573000,1.0
2008-03-27,1903,1903.TW,上市,49.0,49.5,48.599998,49.099998,610000,1.0
2008-03-28,1903,1903.TW,上市,48.799999,49.400002,47.799999,49.0,518000,1.0
2008-03-31,1903,1903.TW,上市,49.0,49.349998,48.25,49.0,696000,1.0
2008-04-01,1903,1903.TW,上市,48.799999,49.299999,47.799999,47.799999,667000,1.0
2008-04-02,1903,1903.TW,上市,48.5,48.5,46.799999,47.0,646000,1.0
2008-04-03,1903,1903.TW,上市,47.0,47.0,45.200001,45.849998,785000,1.0
2008-04-07,1903,1903.TW,上市,45.849998,46.650002,45.049999,46.099998,991000,1.0
2008-04-08,1903,1903.TW,上市,46.099998,46.799999,46.0,46.099998,559000,1.0
2008-04-09,1903,1903.TW,上市,46.700001,47.849998,46.200001,46.799999,1013000,1.0
2008-04-10,1903,1903.TW,上市,46.700001,47.5,46.700001,47.400002,440000,1.0
2008-04-11,1903,1903.TW,上市,47.799999,48.150002,47.400002,47.75,531000,1.0
2008-04-14,1903,1903.TW,上市,47.200001,50.599998,47.200001,49.099998,1217000,1.0
2008-04-15,1903,1903.TW,上市,49.349998,50.099998,48.400002,48.75,907000,1.0
2008-04-16,1903,1903.TW,上市,49.299999,51.200001,49.299999,51.0,1818000,1.0
2008-04-17,1903,1903.TW,上市,51.599998,54.5,50.400002,53.700001,5465000,1.0
2008-04-18,1903,1903.TW,上市,54.299999,56.5,54.0,54.0,3085000,1.0
2008-04-21,1903,1903.TW,上市,54.599998,55.5,51.5,51.5,1421000,1.0
2008-04-22,1903,1903.TW,上市,51.5,52.799999,51.099998,52.0,1060000,1.0
2008-04-23,1903,1903.TW,上市,51.0,52.299999,50.599998,51.0,756000,1.0
2008-04-24,1903,1903.TW,上市,51.0,52.5,50.900002,50.900002,881000,1.0
2008-04-25,1903,1903.TW,上市,51.200001,51.400002,48.650002,49.0,602000,1.0
2008-04-28,1903,1903.TW,上市,48.799999,50.5,48.0,49.150002,680000,1.0
2008-04-29,1903,1903.TW,上市,49.150002,49.400002,47.400002,47.450001,785000,1.0
2008-04-30,1903,1903.TW,上市,47.450001,48.5,47.150002,47.5,560000,1.0
2008-05-02,1903,1903.TW,上市,48.0,48.799999,47.049999,48.0,417000,1.0
2008-05-05,1903,1903.TW,上市,48.400002,49.299999,48.0,48.0,676000,1.0
2008-05-06,1903,1903.TW,上市,48.099998,48.650002,46.299999,46.349998,688000,1.0
2008-05-07,1903,1903.TW,上市,45.700001,47.5,45.599998,47.099998,333000,1.0
2008-05-08,1903,1903.TW,上市,47.400002,47.900002,46.450001,46.799999,389000,1.0
2008-05-09,1903,1903.TW,上市,47.700001,48.0,47.0,47.5,279000,1.0
2008-05-12,1903,1903.TW,上市,48.0,48.400002,47.400002,47.900002,405000,1.0
2008-05-13,1903,1903.TW,上市,47.900002,47.900002,47.0,47.0,314000,1.0
2008-05-14,1903,1903.TW,上市,47.400002,47.700001,47.0,47.299999,460000,1.0
2008-05-15,1903,1903.TW,上市,47.200001,47.950001,46.900002,47.900002,345000,1.0
2008-05-16,1903,1903.TW,上市,48.5,49.0,48.0,48.099998,245000,1.0
2008-05-19,1903,1903.TW,上市,48.5,49.349998,48.099998,49.200001,423000,1.0
2008-05-20,1903,1903.TW,上市,49.5,49.5,47.5,47.599998,354000,1.0
2008-05-21,1903,1903.TW,上市,47.599998,47.950001,47.049999,47.450001,194000,1.0
2008-05-22,1903,1903.TW,上市,46.799999,48.299999,46.599998,48.299999,285000,1.0
2008-05-23,1903,1903.TW,上市,48.5,48.900002,47.400002,47.400002,312000,1.0
2008-05-26,1903,1903.TW,上市,47.900002,48.349998,46.650002,46.650002,450000,1.0
2008-05-27,1903,1903.TW,上市,46.0,47.099998,46.0,46.849998,187000,1.0
2008-05-28,1903,1903.TW,上市,47.349998,47.349998,45.200001,46.0,253000,1.0
2008-05-29,1903,1903.TW,上市,46.700001,46.700001,45.200001,45.299999,109000,1.0
2008-05-30,1903,1903.TW,上市,45.299999,45.700001,42.549999,43.5,483000,1.0
2008-06-02,1903,1903.TW,上市,43.200001,43.5,41.599998,43.0,384000,1.0
2008-06-03,1903,1903.TW,上市,42.099998,42.5,41.049999,41.5,372000,1.0
2008-06-04,1903,1903.TW,上市,41.5,41.700001,40.700001,41.5,443000,1.0
2008-06-05,1903,1903.TW,上市,41.5,42.5,40.5,42.299999,286000,1.0
2008-06-06,1903,1903.TW,上市,42.599998,42.799999,41.799999,41.799999,154000,1.0
2008-06-09,1903,1903.TW,上市,40.900002,41.599998,40.700001,41.299999,322000,1.0
2008-06-10,1903,1903.TW,上市,41.299999,41.299999,40.0,40.549999,161000,1.0
2008-06-11,1903,1903.TW,上市,39.0,40.299999,39.0,39.900002,412000,1.0
2008-06-12,1903,1903.TW,上市,37.549999,38.650002,37.5,37.5,292000,1.0
2008-06-13,1903,1903.TW,上市,37.599998,37.700001,35.849998,36.599998,556000,1.0
2008-06-16,1903,1903.TW,上市,37.049999,37.450001,36.799999,36.799999,234000,1.0
2008-06-17,1903,1903.TW,上市,36.799999,37.150002,36.099998,37.0,194000,1.0
2008-06-18,1903,1903.TW,上市,36.599998,37.799999,36.599998,37.5,786000,1.0
2008-06-19,1903,1903.TW,上市,36.75,37.0,36.150002,36.200001,249000,1.0
2008-06-20,1903,1903.TW,上市,36.799999,36.799999,34.349998,34.5,269000,1.0
2008-06-23,1903,1903.TW,上市,33.900002,34.950001,33.599998,34.900002,565000,1.0
2008-06-24,1903,1903.TW,上市,35.0,35.799999,34.5,34.900002,239000,1.0
2008-06-25,1903,1903.TW,上市,34.5,35.700001,34.299999,35.5,288000,1.0
2008-06-26,1903,1903.TW,上市,35.700001,36.299999,35.200001,35.650002,143000,1.0
2008-06-27,1903,1903.TW,上市,33.549999,34.200001,33.200001,33.200001,417000,1.0
2008-06-30,1903,1903.TW,上市,33.200001,33.450001,31.1,33.450001,316000,1.0
2008-07-01,1903,1903.TW,上市,33.150002,33.150002,31.6,32.75,630000,1.0
2008-07-02,1903,1903.TW,上市,32.5,33.450001,32.099998,33.25,183000,1.0
2008-07-03,1903,1903.TW,上市,32.5,35.5,32.150002,35.0,213000,1.0
2008-07-04,1903,1903.TW,上市,34.950001,35.5,33.0,34.400002,151000,1.0
2008-07-07,1903,1903.TW,上市,33.950001,34.75,33.5,34.75,96000,1.0
2008-07-08,1903,1903.TW,上市,34.099998,34.75,32.349998,33.299999,207000,1.0
2008-07-09,1903,1903.TW,上市,33.0,33.950001,32.400002,33.400002,178000,1.0
2008-07-10,1903,1903.TW,上市,33.0,33.900002,32.049999,33.900002,313000,1.0
2008-07-11,1903,1903.TW,上市,33.75,34.700001,33.049999,34.5,292000,1.0
2008-07-14,1903,1903.TW,上市,34.400002,34.900002,34.0,34.400002,197000,1.0
2008-07-15,1903,1903.TW,上市,34.799999,34.799999,32.0,32.599998,309000,1.0
2008-07-16,1903,1903.TW,上市,31.700001,32.0,30.35,30.35,408000,1.0
2008-07-17,1903,1903.TW,上市,30.5,31.0,30.4,31.0,281000,1.0
2008-07-18,1903,1903.TW,上市,31.5,31.5,28.85,28.85,294000,1.0
2008-07-21,1903,1903.TW,上市,29.700001,30.200001,28.700001,30.1,454000,1.0
2008-07-22,1903,1903.TW,上市,29.799999,30.450001,29.5,30.0,187000,1.0
2008-07-23,1903,1903.TW,上市,30.5,32.099998,30.5,32.099998,660000,1.0
2008-07-24,1903,1903.TW,上市,32.700001,34.0,32.0,32.5,403000,1.0
2008-07-25,1903,1903.TW,上市,32.099998,33.299999,31.6,33.299999,182000,1.0
2008-07-28,1903,1903.TW,上市,33.299999,33.299999,33.299999,33.299999,0,1.0
2008-07-29,1903,1903.TW,上市,32.349998,32.349998,31.700001,31.75,282000,1.0
2008-07-30,1903,1903.TW,上市,32.0,32.700001,32.0,32.150002,141000,1.0
2008-07-31,1903,1903.TW,上市,32.0,32.599998,31.299999,31.799999,63000,1.0
2008-08-01,1903,1903.TW,上市,31.299999,31.299999,30.5,31.25,103000,1.0
2008-08-04,1903,1903.TW,上市,30.0,30.549999,29.799999,30.0,126000,1.0
2008-08-05,1903,1903.TW,上市,30.299999,30.299999,28.799999,28.799999,104000,1.0
2008-08-06,1903,1903.TW,上市,29.1,30.200001,28.799999,29.9,123000,1.0
2008-08-07,1903,1903.TW,上市,30.799999,31.0,30.4,30.85,81000,1.0
2008-08-08,1903,1903.TW,上市,30.5,31.4,30.200001,31.4,96000,1.0
2008-08-11,1903,1903.TW,上市,31.799999,32.900002,31.4,32.299999,74000,1.0
2008-08-12,1903,1903.TW,上市,32.799999,32.799999,31.0,31.1,93000,1.0
2008-08-13,1903,1903.TW,上市,31.1,31.1,30.200001,31.1,74000,1.0
2008-08-14,1903,1903.TW,上市,31.1,32.5,31.1,32.0,307000,1.0
2008-08-15,1903,1903.TW,上市,32.5,32.700001,31.4,31.4,257000,1.0
2008-08-18,1903,1903.TW,上市,31.35,31.35,29.9,30.0,116000,1.0
2008-08-19,1903,1903.TW,上市,29.6,30.4,29.1,30.1,134000,1.0
2008-08-20,1903,1903.TW,上市,30.299999,30.4,29.549999,30.299999,123000,1.0
2008-08-21,1903,1903.TW,上市,30.799999,30.799999,29.549999,30.0,133000,1.0
2008-08-22,1903,1903.TW,上市,29.950001,30.200001,29.549999,29.75,68000,1.0
2008-08-25,1903,1903.TW,上市,30.1,30.200001,29.799999,29.9,74000,1.0
2008-08-26,1903,1903.TW,上市,29.700001,29.9,29.6,29.700001,33000,1.0
2008-08-27,1903,1903.TW,上市,30.1,30.4,29.9,30.1,52000,1.0
2008-08-28,1903,1903.TW,上市,29.9,30.450001,29.9,30.1,72000,1.0
2008-08-29,1903,1903.TW,上市,30.1,30.5,30.0,30.0,77000,1.0
2008-09-01,1903,1903.TW,上市,29.6,29.75,28.9,28.9,154000,1.0
2008-09-02,1903,1903.TW,上市,29.0,29.1,28.5,29.049999,173000,1.0
2008-09-03,1903,1903.TW,上市,29.049999,29.4,28.35,28.35,176000,1.0
2008-09-04,1903,1903.TW,上市,28.75,28.75,26.4,26.9,246000,1.0
2008-09-05,1903,1903.TW,上市,25.200001,26.4,25.049999,25.049999,509000,1.0
2008-09-08,1903,1903.TW,上市,25.450001,26.799999,25.450001,26.799999,316000,1.0
2008-09-09,1903,1903.TW,上市,26.799999,27.0,26.15,26.4,161000,1.0
2008-09-10,1903,1903.TW,上市,26.35,27.200001,26.35,26.549999,227000,1.0
2008-09-11,1903,1903.TW,上市,26.549999,26.9,24.700001,24.700001,277000,1.0
2008-09-12,1903,1903.TW,上市,24.9,25.299999,23.6,25.299999,363000,1.0
2008-09-15,1903,1903.TW,上市,25.200001,25.200001,23.549999,23.549999,199000,1.0
2008-09-16,1903,1903.TW,上市,21.950001,22.4,21.950001,22.0,592000,1.0
2008-09-17,1903,1903.TW,上市,23.0,23.0,20.6,20.700001,357000,1.0
2008-09-18,1903,1903.TW,上市,19.299999,19.799999,19.299999,19.299999,626000,1.0
2008-09-19,1903,1903.TW,上市,20.65,20.65,20.0,20.65,278000,1.0
2008-09-22,1903,1903.TW,上市,21.85,22.049999,21.0,22.0,379000,1.0
2008-09-23,1903,1903.TW,上市,21.200001,23.4,21.200001,23.35,392000,1.0
2008-09-24,1903,1903.TW,上市,23.35,23.700001,22.6,22.700001,423000,1.0
2008-09-25,1903,1903.TW,上市,22.700001,22.700001,22.15,22.15,300000,1.0
2008-09-26,1903,1903.TW,上市,22.5,22.549999,21.15,21.200001,393000,1.0
2008-09-29,1903,1903.TW,上市,21.200001,21.200001,21.200001,21.200001,0,1.0
2008-09-30,1903,1903.TW,上市,19.75,20.25,19.75,20.25,458000,1.0
2008-10-01,1903,1903.TW,上市,20.85,20.85,19.85,20.299999,311000,1.0
2008-10-02,1903,1903.TW,上市,20.0,20.950001,20.0,20.75,242000,1.0
2008-10-03,1903,1903.TW,上市,20.4,21.0,19.9,20.549999,220000,1.0
2008-10-06,1903,1903.TW,上市,20.35,21.450001,19.700001,19.799999,260000,1.0
2008-10-07,1903,1903.TW,上市,18.5,19.75,18.5,19.6,276000,1.0
2008-10-08,1903,1903.TW,上市,19.299999,19.4,18.299999,18.299999,412000,1.0
2008-10-09,1903,1903.TW,上市,18.75,19.200001,18.299999,18.700001,352000,1.0
2008-10-13,1903,1903.TW,上市,18.1,18.200001,18.049999,18.049999,188000,1.0
2008-10-14,1903,1903.TW,上市,19.200001,19.299999,18.549999,19.299999,337000,1.0
2008-10-15,1903,1903.TW,上市,18.65,19.85,18.65,19.700001,360000,1.0
2008-10-16,1903,1903.TW,上市,19.049999,20.200001,19.049999,19.6,306000,1.0
2008-10-17,1903,1903.TW,上市,18.950001,19.4,18.950001,19.049999,227000,1.0
2008-10-20,1903,1903.TW,上市,19.0,19.0,18.4,18.700001,199000,1.0
2008-10-21,1903,1903.TW,上市,19.4,19.700001,18.799999,19.0,340000,1.0
2008-10-22,1903,1903.TW,上市,18.700001,19.0,18.4,18.4,166000,1.0
2008-10-23,1903,1903.TW,上市,17.799999,18.0,17.799999,17.799999,248000,1.0
2008-10-24,1903,1903.TW,上市,17.799999,17.9,17.200001,17.200001,145000,1.0
2008-10-27,1903,1903.TW,上市,16.1,17.0,16.0,16.0,437000,1.0
2008-10-28,1903,1903.TW,上市,15.9,16.5,14.95,15.9,333000,1.0
2008-10-29,1903,1903.TW,上市,17.0,17.0,16.5,16.799999,373000,1.0
2008-10-30,1903,1903.TW,上市,17.4,17.950001,17.1,17.950001,312000,1.0
2008-10-31,1903,1903.TW,上市,18.299999,19.200001,17.299999,19.0,690000,1.0
2008-11-03,1903,1903.TW,上市,18.85,19.6,18.6,19.299999,289000,1.0
2008-11-04,1903,1903.TW,上市,18.9,20.450001,18.5,18.9,217000,1.0
2008-11-05,1903,1903.TW,上市,19.200001,19.950001,19.1,19.1,303000,1.0
2008-11-06,1903,1903.TW,上市,18.799999,19.049999,17.799999,17.799999,183000,1.0
2008-11-07,1903,1903.TW,上市,16.65,19.0,16.65,18.6,249000,1.0
2008-11-10,1903,1903.TW,上市,19.0,19.9,18.4,19.9,372000,1.0
2008-11-11,1903,1903.TW,上市,19.799999,19.799999,18.6,19.0,426000,1.0
2008-11-12,1903,1903.TW,上市,18.9,18.950001,18.6,18.799999,111000,1.0
2008-11-13,1903,1903.TW,上市,18.1,20.1,18.0,18.5,92000,1.0
2008-11-14,1903,1903.TW,上市,18.950001,19.200001,18.549999,18.9,153000,1.0
2008-11-17,1903,1903.TW,上市,18.5,18.9,18.4,18.700001,80000,1.0
2008-11-18,1903,1903.TW,上市,18.700001,19.1,18.25,18.5,104000,1.0
2008-11-19,1903,1903.TW,上市,18.5,19.1,18.1,18.6,71000000,1.0
2008-11-20,1903,1903.TW,上市,17.6,18.25,17.6,17.799999,113000000,1.0
2008-11-21,1903,1903.TW,上市,17.700001,19.0,17.700001,19.0,728000000,1.0
2008-11-24,1903,1903.TW,上市,19.0,19.5,18.85,19.15,186000,1.0
2008-11-25,1903,1903.TW,上市,19.6,19.65,18.799999,18.950001,169000,1.0
2008-11-26,1903,1903.TW,上市,19.4,19.5,19.1,19.4,125000,1.0
2008-11-27,1903,1903.TW,上市,19.799999,20.5,19.4,20.0,393000,1.0
2008-11-28,1903,1903.TW,上市,20.0,20.200001,19.5,19.950001,117000,1.0
2008-12-01,1903,1903.TW,上市,19.950001,20.35,19.6,20.049999,196000,1.0
2008-12-02,1903,1903.TW,上市,19.0,19.5,18.799999,19.0,119000,1.0
2008-12-03,1903,1903.TW,上市,18.549999,19.65,18.549999,19.65,193000,1.0
2008-12-04,1903,1903.TW,上市,19.6,19.799999,19.1,19.1,119000000,1.0
2008-12-05,1903,1903.TW,上市,18.700001,19.5,18.700001,18.700001,103000,1.0
2008-12-08,1903,1903.TW,上市,19.0,19.75,19.0,19.75,106000,1.0
2008-12-09,1903,1903.TW,上市,19.75,19.75,19.299999,19.299999,147000,1.0
2008-12-10,1903,1903.TW,上市,19.5,20.549999,19.5,20.4,291000,1.0
2008-12-11,1903,1903.TW,上市,20.4,20.5,19.5,20.4,200000,1.0
2008-12-12,1903,1903.TW,上市,20.1,21.299999,19.0,19.5,608000,1.0
2008-12-15,1903,1903.TW,上市,19.75,20.1,19.5,19.75,214000,1.0
2008-12-16,1903,1903.TW,上市,19.65,19.65,19.15,19.25,87000,1.0
2008-12-17,1903,1903.TW,上市,19.5,20.15,19.5,19.65,154000,1.0
2008-12-18,1903,1903.TW,上市,20.0,20.700001,19.700001,20.049999,343000,1.0
2008-12-19,1903,1903.TW,上市,20.1,20.1,20.1,20.1,394000000,1.0
2008-12-22,1903,1903.TW,上市,20.450001,20.450001,18.9,18.9,248000,1.0
2008-12-23,1903,1903.TW,上市,19.299999,19.299999,18.049999,18.799999,246000,1.0
2008-12-24,1903,1903.TW,上市,18.5,18.9,18.5,18.799999,112000,1.0
2008-12-25,1903,1903.TW,上市,19.299999,19.299999,18.75,19.1,71000,1.0
2008-12-26,1903,1903.TW,上市,19.5,19.5,18.9,18.9,170000,1.0
2008-12-29,1903,1903.TW,上市,19.299999,19.299999,18.6,18.799999,62000,1.0
2008-12-30,1903,1903.TW,上市,18.9,19.700001,18.9,19.5,282000,1.0
2008-12-31,1903,1903.TW,上市,19.6,19.6,19.15,19.200001,89000,1.0
2009-01-02,1903,1903.TW,上市,19.200001,19.200001,19.200001,19.200001,0,1.0
2009-01-05,1903,1903.TW,上市,19.6,20.1,19.6,19.65,248000,1.0
2009-01-06,1903,1903.TW,上市,20.0,20.1,19.5,19.549999,234000,1.0
2009-01-07,1903,1903.TW,上市,19.9,19.9,19.6,19.85,175000,1.0
2009-01-08,1903,1903.TW,上市,19.299999,19.65,18.6,18.65,169000,1.0
2009-01-09,1903,1903.TW,上市,18.65,18.950001,18.4,18.65,197000,1.0
2009-01-12,1903,1903.TW,上市,18.75,18.799999,18.200001,18.200001,191000,1.0
2009-01-13,1903,1903.TW,上市,18.200001,18.549999,18.200001,18.549999,88000,1.0
2009-01-14,1903,1903.TW,上市,18.799999,18.85,18.6,18.65,84000,1.0
2009-01-15,1903,1903.TW,上市,18.299999,18.549999,18.299999,18.4,107000,1.0
2009-01-16,1903,1903.TW,上市,18.4,18.9,18.299999,18.85,90000,1.0
2009-01-19,1903,1903.TW,上市,18.85,19.0,18.549999,18.799999,27000000,1.0
2009-01-20,1903,1903.TW,上市,18.6,18.700001,18.35,18.65,44000,1.0
2009-01-21,1903,1903.TW,上市,18.299999,18.700001,18.200001,18.65,128000,1.0
2009-02-02,1903,1903.TW,上市,18.549999,18.799999,18.4,18.700001,82000,1.0
2009-02-03,1903,1903.TW,上市,18.700001,19.799999,18.5,19.450001,149000,1.0
2009-02-04,1903,1903.TW,上市,19.0,19.4,18.9,19.049999,39000,1.0
2009-02-05,1903,1903.TW,上市,19.299999,19.75,19.0,19.4,65000,1.0
2009-02-06,1903,1903.TW,上市,19.4,19.6,19.200001,19.5,78000,1.0
2009-02-09,1903,1903.TW,上市,19.5,19.6,19.200001,19.450001,129000,1.0
2009-02-10,1903,1903.TW,上市,19.299999,19.5,19.200001,19.5,18000,1.0
2009-02-11,1903,1903.TW,上市,19.25,19.5,19.049999,19.5,41000,1.0
2009-02-12,1903,1903.TW,上市,19.299999,19.450001,19.200001,19.4,79000,1.0
2009-02-13,1903,1903.TW,上市,19.4,19.6,19.200001,19.6,97000,1.0
2009-02-16,1903,1903.TW,上市,19.5,19.6,19.299999,19.6,61000,1.0
2009-02-17,1903,1903.TW,上市,19.299999,19.450001,19.15,19.450001,59000,1.0
2009-02-18,1903,1903.TW,上市,19.0,19.6,19.0,19.6,78000,1.0
2009-02-19,1903,1903.TW,上市,19.35,19.5,19.049999,19.5,53000,1.0
2009-02-20,1903,1903.TW,上市,19.1,19.4,18.9,19.4,56000,1.0
2009-02-23,1903,1903.TW,上市,19.0,19.4,19.0,19.200001,42000,1.0
2009-02-24,1903,1903.TW,上市,19.25,19.299999,19.0,19.200001,43000,1.0
2009-02-25,1903,1903.TW,上市,19.1,19.450001,19.1,19.4,31000,1.0
2009-02-26,1903,1903.TW,上市,19.1,19.5,19.049999,19.049999,77000,1.0
2009-02-27,1903,1903.TW,上市,19.0,19.200001,19.0,19.1,37000,1.0
2009-03-02,1903,1903.TW,上市,19.049999,19.049999,19.0,19.0,62000,1.0
2009-03-03,1903,1903.TW,上市,18.700001,19.4,18.5,19.049999,52000,1.0
2009-03-04,1903,1903.TW,上市,19.0,19.65,19.0,19.299999,76000,1.0
2009-03-05,1903,1903.TW,上市,19.6,19.700001,19.200001,19.6,91000,1.0
2009-03-06,1903,1903.TW,上市,19.4,19.6,19.299999,19.35,48000,1.0
2009-03-09,1903,1903.TW,上市,19.35,20.0,19.35,19.700001,145000,1.0
2009-03-10,1903,1903.TW,上市,19.9,20.0,19.6,20.0,110000,1.0
2009-03-11,1903,1903.TW,上市,20.200001,21.0,20.15,20.549999,352000,1.0
2009-03-12,1903,1903.TW,上市,21.0,21.0,20.0,20.6,239000,1.0
2009-03-13,1903,1903.TW,上市,20.6,22.0,20.4,21.6,562000,1.0
2009-03-16,1903,1903.TW,上市,21.6,22.5,21.5,22.299999,372000,1.0
2009-03-17,1903,1903.TW,上市,22.200001,22.6,22.0,22.6,363000,1.0
2009-03-18,1903,1903.TW,上市,22.9,22.9,22.0,22.200001,330000,1.0
2009-03-19,1903,1903.TW,上市,22.5,23.700001,22.200001,23.1,535000,1.0
2009-03-20,1903,1903.TW,上市,23.200001,23.450001,22.200001,22.299999,342000,1.0
2009-03-23,1903,1903.TW,上市,22.299999,23.0,22.200001,22.799999,213000,1.0
2009-03-24,1903,1903.TW,上市,23.200001,23.85,23.15,23.4,452000,1.0
2009-03-25,1903,1903.TW,上市,23.4,25.0,23.049999,25.0,616000,1.0
2009-03-26,1903,1903.TW,上市,25.700001,26.1,24.75,24.75,557000,1.0
2009-03-27,1903,1903.TW,上市,25.0,26.35,24.299999,24.450001,706000,1.0
2009-03-30,1903,1903.TW,上市,24.35,24.9,23.6,23.799999,652000,1.0
2009-03-31,1903,1903.TW,上市,23.5,24.9,23.4,24.700001,525000,1.0
2009-04-02,1903,1903.TW,上市,27.299999,28.0,26.5,27.1,999000,1.0
2009-04-03,1903,1903.TW,上市,27.0,27.6,26.15,26.6,562000,1.0
2009-04-06,1903,1903.TW,上市,26.6,27.0,26.25,26.799999,392000,1.0
2009-04-07,1903,1903.TW,上市,26.299999,28.65,26.299999,28.6,594000,1.0
2009-04-08,1903,1903.TW,上市,27.6,28.299999,26.85,27.4,486000,1.0
2009-04-09,1903,1903.TW,上市,27.6,28.25,27.4,27.75,470000,1.0
2009-04-10,1903,1903.TW,上市,28.0,29.450001,27.65,29.450001,642000,1.0
2009-04-13,1903,1903.TW,上市,29.65,31.0,29.0,30.1,572000,1.0
2009-04-14,1903,1903.TW,上市,32.200001,32.200001,32.200001,32.200001,581000,1.0
2009-04-15,1903,1903.TW,上市,34.450001,34.450001,34.0,34.450001,3190000,1.0
2009-04-16,1903,1903.TW,上市,35.799999,36.799999,34.200001,34.700001,2400000,1.0
2009-04-17,1903,1903.TW,上市,35.799999,35.799999,32.299999,32.299999,1339000,1.0
2009-04-20,1903,1903.TW,上市,32.299999,32.299999,30.4,30.700001,734000,1.0
2009-04-21,1903,1903.TW,上市,30.0,32.799999,29.799999,32.799999,883000,1.0
2009-04-22,1903,1903.TW,上市,32.849998,33.299999,31.5,32.150002,738000,1.0
2009-04-23,1903,1903.TW,上市,32.0,32.099998,30.5,31.4,385000,1.0
2009-04-24,1903,1903.TW,上市,32.0,33.549999,31.799999,33.549999,1425000,1.0
2009-04-27,1903,1903.TW,上市,33.700001,33.900002,31.6,32.0,1312000,1.0
2009-04-28,1903,1903.TW,上市,32.299999,32.900002,31.0,31.0,724000,1.0
2009-04-29,1903,1903.TW,上市,31.1,32.200001,30.799999,31.4,517000,1.0
2009-04-30,1903,1903.TW,上市,31.9,33.549999,31.9,33.549999,1001000,1.0
2009-05-04,1903,1903.TW,上市,35.799999,35.849998,35.0,35.849998,1344000,1.0
2009-05-05,1903,1903.TW,上市,38.0,38.349998,36.150002,38.0,2795000,1.0
2009-05-06,1903,1903.TW,上市,39.5,40.650002,38.700001,40.650002,1281000,1.0
2009-05-07,1903,1903.TW,上市,43.450001,43.450001,42.0,43.450001,2192000,1.0
2009-05-08,1903,1903.TW,上市,43.450001,43.799999,40.549999,43.450001,2336000,1.0
2009-05-11,1903,1903.TW,上市,45.299999,46.450001,44.0,46.450001,1322000,1.0
2009-05-12,1903,1903.TW,上市,47.400002,49.700001,46.75,49.700001,4691000,1.0
2009-05-13,1903,1903.TW,上市,50.700001,51.700001,49.0,49.200001,3496000,1.0
2009-05-14,1903,1903.TW,上市,48.5,49.099998,46.700001,47.200001,1311000,1.0
2009-05-15,1903,1903.TW,上市,48.0,50.0,48.0,49.5,1741000,1.0
2009-05-18,1903,1903.TW,上市,51.0,51.5,49.400002,49.650002,1693000,1.0
2009-05-19,1903,1903.TW,上市,51.0,52.400002,47.0,48.400002,1925000,1.0
2009-05-20,1903,1903.TW,上市,47.299999,48.0,45.599998,47.099998,1889000,1.0
2009-05-21,1903,1903.TW,上市,45.599998,50.299999,45.599998,50.299999,2062000,1.0
2009-05-22,1903,1903.TW,上市,50.299999,53.799999,50.299999,53.799999,3890000,1.0
2009-05-25,1903,1903.TW,上市,57.5,57.5,57.5,57.5,1207000,1.0
2009-05-26,1903,1903.TW,上市,61.5,61.5,61.5,61.5,706000,1.0
2009-05-27,1903,1903.TW,上市,65.800003,65.800003,65.800003,65.800003,712000,1.0
2009-06-01,1903,1903.TW,上市,70.400002,70.400002,70.400002,70.400002,623000,1.0
2009-06-02,1903,1903.TW,上市,75.300003,75.300003,75.300003,75.300003,180000,1.0
2009-06-03,1903,1903.TW,上市,80.5,80.5,78.199997,80.5,16988000,1.0
2009-06-04,1903,1903.TW,上市,80.5,86.099998,77.0,86.099998,10477000,1.0
2009-06-05,1903,1903.TW,上市,86.099998,86.099998,81.300003,83.199997,2625000,1.0
2009-06-08,1903,1903.TW,上市,95.199997,95.199997,89.5,90.0,8090000,1.0
2009-06-09,1903,1903.TW,上市,90.0,90.0,83.699997,83.699997,4247000,1.0
2009-06-10,1903,1903.TW,上市,83.699997,83.699997,77.900002,77.900002,4731000,1.0
2009-06-11,1903,1903.TW,上市,77.800003,80.699997,76.0,78.5,7020000,1.0
2009-06-12,1903,1903.TW,上市,78.5,83.699997,77.5,77.5,8612000,1.0
2009-06-15,1903,1903.TW,上市,74.5,76.0,72.099998,72.099998,1173000,1.0
2009-06-16,1903,1903.TW,上市,67.099998,73.5,67.099998,72.099998,9277000,1.0
2009-06-17,1903,1903.TW,上市,72.900002,72.900002,67.099998,67.099998,4726000,1.0
2009-06-18,1903,1903.TW,上市,67.599998,70.599998,66.0,68.099998,6328000,1.0
2009-06-19,1903,1903.TW,上市,69.0,72.800003,68.0,72.800003,7395000,1.0
2009-06-22,1903,1903.TW,上市,76.099998,77.800003,75.300003,77.800003,8039000,1.0
2009-06-23,1903,1903.TW,上市,75.0,80.5,75.0,76.800003,11147000,1.0
2009-06-24,1903,1903.TW,上市,78.0,80.5,77.800003,78.0,8274000,1.0
2009-06-25,1903,1903.TW,上市,78.0,83.400002,78.0,83.400002,9492000,1.0
2009-06-26,1903,1903.TW,上市,84.900002,85.5,82.400002,82.5,6541000,1.0
2009-06-29,1903,1903.TW,上市,82.5,84.199997,80.699997,82.5,4944000,1.0
2009-06-30,1903,1903.TW,上市,84.5,85.5,79.099998,80.900002,7011000,1.0
2009-07-01,1903,1903.TW,上市,80.099998,85.0,80.099998,83.800003,6733000,1.0
2009-07-02,1903,1903.TW,上市,84.0,86.5,84.0,84.099998,6043000,1.0
2009-07-03,1903,1903.TW,上市,83.199997,89.900002,83.199997,89.900002,8031000,1.0
2009-07-06,1903,1903.TW,上市,91.099998,95.0,90.5,93.099998,8112000,1.0
2009-07-07,1903,1903.TW,上市,94.5,94.699997,90.599998,92.0,5034000,1.0
2009-07-08,1903,1903.TW,上市,90.5,93.800003,88.0,88.0,4960000,1.0
2009-07-09,1903,1903.TW,上市,88.0,89.5,87.0,87.0,3680000,1.0
2009-07-10,1903,1903.TW,上市,88.0,90.5,87.199997,87.5,4451000,1.0
2009-07-13,1903,1903.TW,上市,86.300003,86.5,81.400002,81.400002,2975000,1.0
2009-07-14,1903,1903.TW,上市,78.0,81.300003,76.5,79.900002,3855000,1.0
2009-07-15,1903,1903.TW,上市,79.900002,83.0,79.199997,80.300003,4619000,1.0
2009-07-16,1903,1903.TW,上市,81.699997,82.900002,80.099998,80.5,4149000,1.0
2009-07-17,1903,1903.TW,上市,81.0,81.400002,77.699997,78.800003,3952000,1.0
2009-07-20,1903,1903.TW,上市,79.099998,83.0,76.699997,81.800003,5225000,1.0
2009-07-21,1903,1903.TW,上市,82.800003,83.900002,80.099998,81.5,4730000,1.0
2009-07-22,1903,1903.TW,上市,81.5,82.5,80.5,80.599998,2254000,1.0
2009-07-23,1903,1903.TW,上市,82.199997,83.5,80.400002,80.400002,4377000,1.0
2009-07-24,1903,1903.TW,上市,80.699997,81.5,77.099998,78.0,3414000,1.0
2009-07-27,1903,1903.TW,上市,78.199997,79.699997,77.5,78.0,2438000,1.0
2009-07-28,1903,1903.TW,上市,79.300003,81.400002,78.699997,80.699997,4010000,1.0
2009-07-29,1903,1903.TW,上市,81.5,81.5,79.0,79.0,2122000,1.0
2009-07-30,1903,1903.TW,上市,78.400002,79.599998,78.0,79.0,1470000,1.0
2009-07-31,1903,1903.TW,上市,80.0,81.0,78.5,78.599998,1483000,1.0
2009-08-03,1903,1903.TW,上市,79.699997,84.099998,79.300003,84.099998,6382000,1.0
2009-08-04,1903,1903.TW,上市,86.900002,86.900002,82.0,82.099998,7054000,1.0
2009-08-05,1903,1903.TW,上市,82.5,83.199997,78.5,79.0,3740000,1.0
2009-08-06,1903,1903.TW,上市,79.0,79.900002,74.900002,76.800003,3060000,1.0
2009-08-07,1903,1903.TW,上市,76.800003,76.800003,76.800003,76.800003,0,1.0
2009-08-10,1903,1903.TW,上市,75.900002,76.800003,75.099998,76.699997,1228000,1.0
2009-08-11,1903,1903.TW,上市,76.699997,79.5,75.300003,79.5,1943000,1.0
2009-08-12,1903,1903.TW,上市,76.0,78.5,76.0,78.0,1120000,1.0
2009-08-13,1903,1903.TW,上市,78.5,79.0,77.5,78.400002,1745000,1.0
2009-08-14,1903,1903.TW,上市,79.0,81.199997,78.099998,78.400002,2280000,1.0
2009-08-17,1903,1903.TW,上市,78.199997,78.400002,77.0,77.0,809000,1.0
2009-08-18,1903,1903.TW,上市,76.099998,77.199997,71.699997,71.800003,1793000,1.0
2009-08-19,1903,1903.TW,上市,71.800003,72.900002,67.199997,68.199997,2572000,1.0
2009-08-20,1903,1903.TW,上市,68.199997,68.199997,65.099998,65.5,2770000,1.0
2009-08-21,1903,1903.TW,上市,66.0,66.800003,61.0,61.0,3512000,1.0
2009-08-24,1903,1903.TW,上市,62.0,63.400002,60.0,62.900002,5000000,1.0
2009-08-25,1903,1903.TW,上市,61.099998,62.5,60.299999,60.5,1723000,1.0
2009-08-26,1903,1903.TW,上市,60.5,60.5,57.299999,57.700001,2541000,1.0
2009-08-27,1903,1903.TW,上市,57.299999,61.599998,56.5,60.0,3967000,1.0
2009-08-28,1903,1903.TW,上市,60.900002,61.200001,59.599998,60.700001,2299000,1.0
2009-08-31,1903,1903.TW,上市,61.0,64.800003,61.0,63.299999,3638000,1.0
2009-09-01,1903,1903.TW,上市,63.299999,67.699997,62.5,67.699997,4421000,1.0
2009-09-02,1903,1903.TW,上市,67.699997,69.5,67.199997,69.099998,4115000,1.0
2009-09-03,1903,1903.TW,上市,69.099998,69.800003,68.099998,69.300003,2278000,1.0
2009-09-04,1903,1903.TW,上市,69.0,70.300003,67.0,67.099998,1666000,1.0
2009-09-07,1903,1903.TW,上市,67.099998,68.800003,67.099998,68.699997,2128000,1.0
2009-09-08,1903,1903.TW,上市,69.900002,73.5,69.5,73.300003,6164000,1.0
2009-09-09,1903,1903.TW,上市,73.199997,73.5,70.099998,71.300003,2918000,1.0
2009-09-10,1903,1903.TW,上市,73.699997,74.0,70.0,70.400002,2388000,1.0
2009-09-11,1903,1903.TW,上市,70.5,72.599998,70.5,71.300003,1660000,1.0
2009-09-14,1903,1903.TW,上市,70.900002,71.699997,69.800003,70.5,1094000,1.0
2009-09-15,1903,1903.TW,上市,70.800003,73.0,70.400002,72.800003,2192000,1.0
2009-09-16,1903,1903.TW,上市,73.300003,73.900002,72.0,73.0,1767000,1.0
2009-09-17,1903,1903.TW,上市,74.300003,76.699997,74.199997,75.099998,4899000,1.0
2009-09-18,1903,1903.TW,上市,74.699997,75.400002,74.0,75.0,1395000,1.0
2009-09-21,1903,1903.TW,上市,75.0,75.699997,73.5,74.099998,1149000,1.0
2009-09-22,1903,1903.TW,上市,74.099998,75.0,71.699997,72.900002,2148000,1.0
2009-09-23,1903,1903.TW,上市,71.5,72.599998,68.599998,69.0,2965000,1.0
2009-09-24,1903,1903.TW,上市,69.0,69.5,68.199997,69.0,1353000,1.0
2009-09-25,1903,1903.TW,上市,69.0,70.300003,68.699997,68.800003,1259000,1.0
2009-09-28,1903,1903.TW,上市,68.599998,69.0,66.800003,67.300003,679000,1.0
2009-09-29,1903,1903.TW,上市,67.5,69.199997,67.5,68.599998,1106000,1.0
2009-09-30,1903,1903.TW,上市,68.800003,72.300003,68.0,71.699997,3373000,1.0
2009-10-01,1903,1903.TW,上市,72.199997,72.900002,70.900002,71.199997,3028000,1.0
2009-10-02,1903,1903.TW,上市,69.900002,70.900002,69.099998,69.099998,886000,1.0
2009-10-05,1903,1903.TW,上市,69.099998,70.5,69.099998,70.300003,902000,1.0
2009-10-06,1903,1903.TW,上市,71.0,71.0,69.800003,70.099998,1057000,1.0
2009-10-07,1903,1903.TW,上市,70.800003,73.599998,70.599998,72.900002,3954000,1.0
2009-10-08,1903,1903.TW,上市,73.300003,74.400002,71.5,71.5,2651000,1.0
2009-10-09,1903,1903.TW,上市,72.0,76.5,72.0,76.5,4080000,1.0
2009-10-12,1903,1903.TW,上市,78.099998,81.800003,78.099998,79.599998,8296000,1.0
2009-10-13,1903,1903.TW,上市,78.900002,80.5,78.300003,78.900002,4071000,1.0
2009-10-14,1903,1903.TW,上市,79.599998,80.400002,78.900002,79.400002,1780000,1.0
2009-10-15,1903,1903.TW,上市,80.5,80.699997,73.900002,75.0,3652000,1.0
2009-10-16,1903,1903.TW,上市,75.099998,76.900002,75.0,76.900002,2434000,1.0
2009-10-19,1903,1903.TW,上市,76.5,76.900002,75.900002,76.300003,1275000,1.0
2009-10-20,1903,1903.TW,上市,76.400002,77.0,74.5,75.0,1180000,1.0
2009-10-21,1903,1903.TW,上市,75.0,75.800003,74.099998,74.599998,1274000,1.0
2009-10-22,1903,1903.TW,上市,74.0,74.699997,72.599998,73.0,1003000,1.0
2009-10-23,1903,1903.TW,上市,73.599998,74.400002,73.099998,73.5,899000,1.0
2009-10-26,1903,1903.TW,上市,74.400002,74.400002,72.099998,72.5,902000,1.0
2009-10-27,1903,1903.TW,上市,71.800003,72.0,70.400002,71.599998,951000,1.0
2009-10-28,1903,1903.TW,上市,70.699997,72.0,70.199997,70.199997,825000,1.0
2009-10-29,1903,1903.TW,上市,68.0,69.0,65.300003,67.599998,3159000,1.0
2009-10-30,1903,1903.TW,上市,67.599998,67.900002,65.099998,65.199997,1626000,1.0
2009-11-02,1903,1903.TW,上市,63.200001,64.5,63.200001,64.0,1419000,1.0
2009-11-03,1903,1903.TW,上市,64.0,65.800003,64.0,65.300003,1090000,1.0
2009-11-04,1903,1903.TW,上市,66.300003,68.199997,65.800003,67.699997,1631000,1.0
2009-11-05,1903,1903.TW,上市,67.5,67.699997,66.5,66.5,761000,1.0
2009-11-06,1903,1903.TW,上市,67.5,67.5,66.0,66.0,645000,1.0
2009-11-09,1903,1903.TW,上市,66.5,67.0,66.0,66.699997,411000,1.0
2009-11-10,1903,1903.TW,上市,67.0,67.800003,66.599998,66.699997,777000,1.0
2009-11-11,1903,1903.TW,上市,67.300003,67.5,66.300003,67.5,708000,1.0
2009-11-12,1903,1903.TW,上市,67.800003,67.900002,66.800003,67.0,696000,1.0
2009-11-13,1903,1903.TW,上市,67.0,67.199997,66.599998,66.800003,637000,1.0
2009-11-16,1903,1903.TW,上市,66.800003,67.800003,66.099998,67.5,483000,1.0
2009-11-17,1903,1903.TW,上市,67.800003,71.800003,67.599998,69.199997,2811000,1.0
2009-11-18,1903,1903.TW,上市,70.599998,70.900002,69.0,69.800003,914000,1.0
2009-11-19,1903,1903.TW,上市,70.099998,70.800003,69.099998,69.5,744000,1.0
2009-11-20,1903,1903.TW,上市,68.900002,74.300003,68.599998,73.5,6129000,1.0
2009-11-23,1903,1903.TW,上市,74.300003,75.300003,73.0,73.699997,2322000,1.0
2009-11-24,1903,1903.TW,上市,74.0,74.5,71.0,71.199997,2127000,1.0
2009-11-25,1903,1903.TW,上市,72.0,72.0,69.300003,69.800003,1975000,1.0
2009-11-26,1903,1903.TW,上市,70.400002,70.699997,69.5,69.800003,816000,1.0
2009-11-27,1903,1903.TW,上市,68.0,69.099998,68.0,68.0,983000,1.0
2009-11-30,1903,1903.TW,上市,67.699997,69.199997,67.699997,68.699997,506000,1.0
2009-12-01,1903,1903.TW,上市,68.699997,69.0,68.0,68.400002,701000,1.0
2009-12-02,1903,1903.TW,上市,68.699997,73.099998,68.599998,73.099998,6492000,1.0
2009-12-03,1903,1903.TW,上市,73.0,73.400002,71.300003,71.5,1862000,1.0
2009-12-04,1903,1903.TW,上市,71.0,72.5,70.800003,70.800003,1069000,1.0
2009-12-07,1903,1903.TW,上市,70.5,72.199997,70.5,72.0,1090000,1.0
2009-12-08,1903,1903.TW,上市,71.5,73.900002,71.199997,72.400002,2212000,1.0
2009-12-09,1903,1903.TW,上市,72.5,77.400002,72.5,77.400002,3921000,1.0
2009-12-10,1903,1903.TW,上市,82.800003,82.800003,79.199997,81.0,17449000,1.0
2009-12-11,1903,1903.TW,上市,81.400002,86.5,81.400002,84.400002,6830000,1.0
2009-12-14,1903,1903.TW,上市,86.0,86.0,82.800003,83.699997,2831000,1.0
2009-12-15,1903,1903.TW,上市,83.300003,83.400002,80.599998,80.599998,2348000,1.0
2009-12-16,1903,1903.TW,上市,80.300003,81.099998,78.699997,79.300003,1602000,1.0
2009-12-17,1903,1903.TW,上市,79.599998,80.300003,75.5,76.599998,2364000,1.0
2009-12-18,1903,1903.TW,上市,75.599998,78.400002,74.800003,77.5,2003000,1.0
2009-12-21,1903,1903.TW,上市,78.699997,78.699997,76.599998,77.0,817000,1.0
2009-12-22,1903,1903.TW,上市,77.199997,79.300003,76.599998,78.099998,1684000,1.0
2009-12-23,1903,1903.TW,上市,78.199997,79.300003,77.199997,77.800003,1781000,1.0
2009-12-24,1903,1903.TW,上市,78.699997,83.199997,78.400002,83.199997,8775000,1.0
2009-12-25,1903,1903.TW,上市,82.199997,82.5,80.800003,81.5,2826000,1.0
2009-12-28,1903,1903.TW,上市,81.800003,85.0,81.800003,82.0,4647000,1.0
2009-12-29,1903,1903.TW,上市,82.0,82.900002,78.5,79.300003,2786000,1.0
2009-12-30,1903,1903.TW,上市,79.300003,79.900002,78.300003,79.300003,2214000,1.0
2009-12-31,1903,1903.TW,上市,79.099998,80.400002,79.099998,79.599998,1258000,1.0
2010-01-04,1903,1903.TW,上市,80.0,82.0,79.300003,81.0,3756000,1.0
2010-01-05,1903,1903.TW,上市,81.5,83.199997,78.5,80.199997,4372000,1.0
2010-01-06,1903,1903.TW,上市,80.199997,81.599998,79.699997,79.900002,3111000,1.0
2010-01-07,1903,1903.TW,上市,80.800003,83.0,79.199997,79.900002,5252000,1.0
2010-01-08,1903,1903.TW,上市,80.099998,80.5,77.0,78.900002,2130000,1.0
2010-01-11,1903,1903.TW,上市,78.800003,81.0,78.800003,79.300003,1774000,1.0
2010-01-12,1903,1903.TW,上市,79.5,80.300003,78.800003,80.099998,1041000,1.0
2010-01-13,1903,1903.TW,上市,79.599998,80.0,78.5,78.5,1027000,1.0
2010-01-14,1903,1903.TW,上市,78.599998,79.599998,78.400002,78.5,1141000,1.0
2010-01-15,1903,1903.TW,上市,83.900002,83.900002,81.099998,81.400002,5315000,1.0
2010-01-18,1903,1903.TW,上市,81.0,81.300003,79.599998,80.599998,1442000,1.0
2010-01-19,1903,1903.TW,上市,81.0,81.199997,78.5,78.5,2013000,1.0
2010-01-20,1903,1903.TW,上市,78.800003,79.300003,77.5,77.800003,1282000,1.0
2010-01-21,1903,1903.TW,上市,77.599998,78.400002,77.300003,77.800003,790000,1.0
2010-01-22,1903,1903.TW,上市,77.0,77.5,76.0,76.300003,686000,1.0
2010-01-25,1903,1903.TW,上市,75.599998,77.0,75.599998,75.800003,546000,1.0
2010-01-26,1903,1903.TW,上市,76.0,76.400002,70.5,70.5,1891000,1.0
2010-01-27,1903,1903.TW,上市,70.5,70.900002,67.699997,67.699997,1535000,1.0
2010-01-28,1903,1903.TW,上市,69.300003,71.099998,68.0,70.5,1295000,1.0
2010-01-29,1903,1903.TW,上市,69.599998,72.5,68.5,71.099998,1566000,1.0
2010-02-01,1903,1903.TW,上市,71.599998,71.599998,70.0,70.099998,491000,1.0
2010-02-02,1903,1903.TW,上市,71.0,71.300003,66.0,66.800003,1171000,1.0
2010-02-03,1903,1903.TW,上市,67.699997,67.900002,66.0,67.199997,1345000,1.0
2010-02-04,1903,1903.TW,上市,67.400002,67.900002,67.0,67.5,456000,1.0
2010-02-05,1903,1903.TW,上市,66.0,66.800003,62.799999,64.5,1365000,1.0
2010-02-08,1903,1903.TW,上市,61.0,62.5,61.0,62.5,666000,1.0
2010-02-09,1903,1903.TW,上市,62.5,65.5,62.0,64.800003,939000,1.0
2010-02-10,1903,1903.TW,上市,65.5,67.5,65.300003,66.599998,851000,1.0
2010-02-22,1903,1903.TW,上市,69.800003,69.800003,66.800003,67.099998,572000,1.0
2010-02-23,1903,1903.TW,上市,67.900002,67.900002,66.5,67.800003,322000,1.0
2010-02-24,1903,1903.TW,上市,67.0,68.900002,67.0,67.199997,494000,1.0
2010-02-25,1903,1903.TW,上市,67.599998,68.199997,66.0,66.300003,589000,1.0
2010-02-26,1903,1903.TW,上市,67.5,68.800003,66.800003,67.599998,938000,1.0
2010-03-01,1903,1903.TW,上市,68.0,70.0,67.400002,70.0,1215000,1.0
2010-03-02,1903,1903.TW,上市,70.099998,70.099998,67.800003,68.0,759000,1.0
2010-03-03,1903,1903.TW,上市,68.599998,72.0,68.199997,71.0,2345000,1.0
2010-03-04,1903,1903.TW,上市,71.900002,72.0,70.5,71.300003,1894000,1.0
2010-03-05,1903,1903.TW,上市,72.0,74.400002,71.099998,74.0,3005000,1.0
2010-03-08,1903,1903.TW,上市,74.5,75.5,73.099998,73.300003,1469000,1.0
2010-03-09,1903,1903.TW,上市,72.800003,72.900002,71.599998,72.599998,827000,1.0
2010-03-10,1903,1903.TW,上市,72.599998,73.0,71.599998,72.599998,460000,1.0
2010-03-11,1903,1903.TW,上市,72.599998,72.900002,71.599998,71.699997,502000,1.0
2010-03-12,1903,1903.TW,上市,71.800003,72.5,71.199997,71.199997,514000,1.0
2010-03-15,1903,1903.TW,上市,71.699997,73.0,71.099998,71.800003,509000,1.0
2010-03-16,1903,1903.TW,上市,71.800003,73.800003,71.199997,73.599998,1054000,1.0
2010-03-17,1903,1903.TW,上市,73.599998,74.599998,73.099998,74.099998,1210000,1.0
2010-03-18,1903,1903.TW,上市,75.5,76.0,73.199997,73.5,2424000,1.0
2010-03-19,1903,1903.TW,上市,73.900002,73.900002,72.400002,72.699997,932000,1.0
2010-03-22,1903,1903.TW,上市,72.300003,75.099998,72.0,73.800003,1691000,1.0
2010-03-23,1903,1903.TW,上市,74.099998,74.800003,71.800003,71.800003,1145000,1.0
2010-03-24,1903,1903.TW,上市,72.599998,73.0,71.300003,71.400002,791000,1.0
2010-03-25,1903,1903.TW,上市,71.400002,72.199997,71.199997,71.699997,698000,1.0
2010-03-26,1903,1903.TW,上市,72.0,72.199997,70.699997,70.800003,1026000,1.0
2010-03-29,1903,1903.TW,上市,70.800003,71.800003,70.699997,71.099998,981000,1.0
2010-03-30,1903,1903.TW,上市,71.300003,72.400002,71.300003,71.5,808000,1.0
2010-03-31,1903,1903.TW,上市,72.300003,72.5,71.599998,72.0,520000,1.0
2010-04-01,1903,1903.TW,上市,72.5,73.800003,72.300003,72.800003,1228000,1.0
2010-04-02,1903,1903.TW,上市,73.599998,73.699997,72.099998,72.300003,541000,1.0
2010-04-06,1903,1903.TW,上市,73.400002,73.400002,72.099998,72.099998,504000,1.0
2010-04-07,1903,1903.TW,上市,72.199997,76.199997,72.199997,76.099998,3477000,1.0
2010-04-08,1903,1903.TW,上市,76.599998,78.5,75.0,75.400002,3865000,1.0
2010-04-09,1903,1903.TW,上市,75.400002,78.199997,75.0,77.599998,2482000,1.0
2010-04-12,1903,1903.TW,上市,78.400002,78.5,77.0,78.099998,1111000,1.0
2010-04-13,1903,1903.TW,上市,77.800003,78.0,74.599998,74.599998,1346000,1.0
2010-04-14,1903,1903.TW,上市,75.400002,76.699997,75.0,76.599998,420000,1.0
2010-04-15,1903,1903.TW,上市,76.699997,79.699997,76.599998,78.5,2576000,1.0
2010-04-16,1903,1903.TW,上市,78.5,83.699997,78.0,81.699997,6754000,1.0
2010-04-19,1903,1903.TW,上市,79.800003,80.5,76.0,76.0,3159000,1.0
2010-04-20,1903,1903.TW,上市,76.0,76.599998,73.0,74.300003,1552000,1.0
2010-04-21,1903,1903.TW,上市,74.900002,75.599998,74.300003,74.599998,1003000,1.0
2010-04-22,1903,1903.TW,上市,74.099998,74.400002,73.0,74.099998,994000,1.0
2010-04-23,1903,1903.TW,上市,74.099998,74.599998,73.199997,73.599998,1169000,1.0
2010-04-26,1903,1903.TW,上市,74.599998,75.599998,73.800003,74.599998,905000,1.0
2010-04-27,1903,1903.TW,上市,74.099998,75.300003,73.5,73.699997,421000,1.0
2010-04-28,1903,1903.TW,上市,72.099998,73.099998,72.099998,72.599998,644000,1.0
2010-04-29,1903,1903.TW,上市,72.699997,75.0,72.699997,73.099998,515000,1.0
2010-04-30,1903,1903.TW,上市,73.599998,74.699997,70.699997,71.0,1470000,1.0
2010-05-03,1903,1903.TW,上市,71.0,71.699997,70.5,71.0,609000,1.0
2010-05-04,1903,1903.TW,上市,71.800003,71.800003,70.199997,70.900002,401000,1.0
2010-05-05,1903,1903.TW,上市,69.0,69.800003,67.800003,68.199997,1157000,1.0
2010-05-06,1903,1903.TW,上市,68.199997,68.800003,67.0,67.099998,591000,1.0
2010-05-07,1903,1903.TW,上市,65.5,67.099998,64.5,66.699997,919000,1.0
2010-05-10,1903,1903.TW,上市,66.900002,68.900002,66.900002,68.0,640000,1.0
2010-05-11,1903,1903.TW,上市,68.5,69.199997,67.199997,67.199997,544000,1.0
2010-05-12,1903,1903.TW,上市,68.0,68.5,67.199997,67.400002,346000,1.0
2010-05-13,1903,1903.TW,上市,68.199997,70.099998,67.699997,69.099998,944000,1.0
2010-05-14,1903,1903.TW,上市,69.099998,69.099998,68.0,68.400002,343000,1.0
2010-05-17,1903,1903.TW,上市,67.5,67.800003,66.5,66.699997,459000,1.0
2010-05-18,1903,1903.TW,上市,66.800003,67.5,66.400002,67.199997,212000,1.0
2010-05-19,1903,1903.TW,上市,66.800003,67.199997,65.099998,66.599998,358000,1.0
2010-05-20,1903,1903.TW,上市,66.199997,67.199997,65.699997,65.800003,398000,1.0
2010-05-21,1903,1903.TW,上市,63.0,64.800003,62.5,62.700001,476000,1.0
2010-05-24,1903,1903.TW,上市,63.400002,64.400002,63.400002,64.0,321000,1.0
2010-05-25,1903,1903.TW,上市,63.5,63.5,60.5,61.099998,461000,1.0
2010-05-26,1903,1903.TW,上市,61.900002,64.0,61.0,62.5,1177000,1.0
2010-05-27,1903,1903.TW,上市,62.5,64.5,61.299999,64.5,643000,1.0
2010-05-28,1903,1903.TW,上市,65.699997,66.699997,65.0,65.199997,827000,1.0
2010-05-31,1903,1903.TW,上市,65.199997,67.0,65.0,66.300003,532000,1.0
2010-06-01,1903,1903.TW,上市,67.0,67.0,65.800003,66.400002,504000,1.0
2010-06-02,1903,1903.TW,上市,65.800003,65.900002,64.599998,64.800003,272000,1.0
2010-06-03,1903,1903.TW,上市,65.800003,65.900002,65.199997,65.699997,222000,1.0
2010-06-04,1903,1903.TW,上市,65.900002,66.5,65.300003,65.400002,216000,1.0
2010-06-07,1903,1903.TW,上市,63.0,63.400002,62.0,62.599998,473000,1.0
2010-06-08,1903,1903.TW,上市,61.099998,62.799999,61.099998,62.0,307000,1.0
2010-06-09,1903,1903.TW,上市,62.700001,63.0,60.099998,60.799999,692000,1.0
2010-06-10,1903,1903.TW,上市,60.799999,61.5,60.0,61.099998,613000,1.0
2010-06-11,1903,1903.TW,上市,62.799999,62.799999,61.599998,62.0,310000,1.0
2010-06-14,1903,1903.TW,上市,62.5,64.800003,62.099998,64.0,923000,1.0
2010-06-15,1903,1903.TW,上市,64.0,64.199997,63.400002,63.599998,273000,1.0
2010-06-17,1903,1903.TW,上市,64.099998,64.400002,63.599998,63.799999,306000,1.0
2010-06-18,1903,1903.TW,上市,63.799999,63.799999,62.099998,62.099998,285000,1.0
2010-06-21,1903,1903.TW,上市,63.799999,65.699997,63.599998,65.699997,877000,1.0
2010-06-22,1903,1903.TW,上市,66.400002,66.400002,65.0,65.900002,370000,1.0
2010-06-23,1903,1903.TW,上市,65.699997,65.699997,64.699997,65.5,291000,1.0
2010-06-24,1903,1903.TW,上市,65.400002,66.699997,64.900002,65.699997,439000,1.0
2010-06-25,1903,1903.TW,上市,64.0,64.900002,62.599998,63.0,601000,1.0
2010-06-28,1903,1903.TW,上市,63.0,63.5,62.299999,62.299999,225000,1.0
2010-06-29,1903,1903.TW,上市,62.299999,63.5,61.799999,61.900002,241000,1.0
2010-06-30,1903,1903.TW,上市,60.0,61.799999,59.700001,61.799999,321000,1.0
2010-07-01,1903,1903.TW,上市,60.5,61.700001,60.5,61.299999,55000,1.0
2010-07-02,1903,1903.TW,上市,61.5,62.0,61.099998,61.5,248000,1.0
2010-07-05,1903,1903.TW,上市,61.700001,61.900002,60.0,61.299999,504000,1.0
2010-07-06,1903,1903.TW,上市,61.299999,63.0,61.099998,62.599998,337000,1.0
2010-07-07,1903,1903.TW,上市,62.799999,63.200001,62.200001,62.299999,413000,1.0
2010-07-08,1903,1903.TW,上市,62.799999,63.5,62.400002,62.400002,446000,1.0
2010-07-09,1903,1903.TW,上市,62.900002,63.0,62.400002,62.799999,212000,1.0
2010-07-12,1903,1903.TW,上市,63.099998,63.200001,62.200001,62.5,210000,1.0
2010-07-13,1903,1903.TW,上市,62.799999,62.799999,61.799999,61.900002,231000,1.0
2010-07-14,1903,1903.TW,上市,62.0,62.5,62.0,62.099998,401000,1.0
2010-07-15,1903,1903.TW,上市,62.400002,63.299999,62.099998,63.299999,377000,1.0
2010-07-16,1903,1903.TW,上市,63.299999,64.199997,62.700001,63.799999,546000,1.0
2010-07-19,1903,1903.TW,上市,63.799999,63.799999,62.900002,63.0,261000,1.0
2010-07-20,1903,1903.TW,上市,63.0,63.5,62.799999,63.5,244000,1.0
2010-07-21,1903,1903.TW,上市,63.799999,63.799999,63.099998,63.299999,249000,1.0
2010-07-22,1903,1903.TW,上市,63.299999,63.799999,63.299999,63.799999,306000,1.0
2010-07-23,1903,1903.TW,上市,64.099998,66.300003,64.099998,65.099998,1733000,1.0
2010-07-26,1903,1903.TW,上市,65.599998,66.400002,64.599998,65.0,644000,1.0
2010-07-27,1903,1903.TW,上市,65.099998,65.5,64.400002,64.5,335000,1.0
2010-07-28,1903,1903.TW,上市,64.199997,65.599998,64.199997,65.599998,645000,1.0
2010-07-29,1903,1903.TW,上市,66.0,66.800003,65.300003,65.599998,885000,1.0
2010-07-30,1903,1903.TW,上市,65.599998,66.0,65.300003,65.300003,398000,1.0
2010-08-02,1903,1903.TW,上市,65.300003,67.0,65.300003,67.0,986000,1.0
2010-08-03,1903,1903.TW,上市,68.0,69.699997,67.699997,68.099998,1786000,1.0
2010-08-04,1903,1903.TW,上市,68.0,68.800003,67.800003,68.5,542000,1.0
2010-08-05,1903,1903.TW,上市,68.699997,69.5,67.400002,67.699997,811000,1.0
2010-08-06,1903,1903.TW,上市,67.699997,68.400002,67.099998,67.300003,507000,1.0
2010-08-09,1903,1903.TW,上市,67.699997,68.800003,67.300003,67.800003,607000,1.0
2010-08-10,1903,1903.TW,上市,67.900002,71.800003,67.800003,69.300003,2547000,1.0
2010-08-11,1903,1903.TW,上市,69.300003,69.900002,67.5,68.0,804000,1.0
2010-08-12,1903,1903.TW,上市,67.300003,68.0,67.0,67.599998,444000,1.0
2010-08-13,1903,1903.TW,上市,67.400002,68.300003,67.0,67.800003,771000,1.0
2010-08-16,1903,1903.TW,上市,68.0,68.300003,67.099998,68.0,433000,1.0
2010-08-17,1903,1903.TW,上市,68.099998,69.400002,67.800003,68.699997,1012000,1.0
2010-08-18,1903,1903.TW,上市,69.099998,71.699997,69.099998,70.900002,3297000,1.0
2010-08-19,1903,1903.TW,上市,71.300003,72.0,70.0,70.900002,1384000,1.0
2010-08-20,1903,1903.TW,上市,70.199997,71.300003,70.199997,70.900002,614000,1.0
2010-08-23,1903,1903.TW,上市,70.900002,72.0,70.300003,70.599998,1087000,1.0
2010-08-24,1903,1903.TW,上市,71.900002,73.599998,71.099998,72.0,1907000,1.0
2010-08-25,1903,1903.TW,上市,72.0,72.0,68.5,68.599998,882000,1.0
2010-08-26,1903,1903.TW,上市,68.599998,69.0,67.099998,67.5,512000,1.0
2010-08-27,1903,1903.TW,上市,67.400002,68.800003,67.199997,68.099998,937000,1.0
2010-08-30,1903,1903.TW,上市,68.5,69.0,67.0,67.0,428000,1.0
2010-08-31,1903,1903.TW,上市,66.5,66.5,64.599998,65.0,430000,1.0
2010-09-01,1903,1903.TW,上市,65.0,66.900002,65.0,66.599998,441000,1.0
2010-09-02,1903,1903.TW,上市,67.5,67.900002,66.599998,67.0,496000,1.0
2010-09-03,1903,1903.TW,上市,67.0,67.5,65.199997,65.900002,461000,1.0
2010-09-06,1903,1903.TW,上市,66.099998,66.900002,65.900002,66.199997,375000,1.0
2010-09-07,1903,1903.TW,上市,66.599998,67.400002,66.0,66.599998,342000,1.0
2010-09-08,1903,1903.TW,上市,66.599998,67.099998,65.699997,65.699997,447000,1.0
2010-09-09,1903,1903.TW,上市,66.0,66.800003,65.300003,65.5,259000,1.0
2010-09-10,1903,1903.TW,上市,66.0,66.5,65.0,65.400002,324000,1.0
2010-09-13,1903,1903.TW,上市,65.5,66.300003,65.5,66.099998,458000,1.0
2010-09-14,1903,1903.TW,上市,66.5,69.199997,66.300003,69.099998,1284000,1.0
2010-09-15,1903,1903.TW,上市,69.400002,70.300003,68.5,69.699997,1242000,1.0
2010-09-16,1903,1903.TW,上市,70.0,70.699997,68.400002,70.5,988000,1.0
2010-09-17,1903,1903.TW,上市,71.0,71.099998,69.300003,69.599998,518000,1.0
2010-09-20,1903,1903.TW,上市,69.5,69.900002,69.0,69.099998,287000,1.0
2010-09-21,1903,1903.TW,上市,70.0,70.0,69.0,69.199997,362000,1.0
2010-09-23,1903,1903.TW,上市,69.199997,69.599998,68.800003,68.800003,239000,1.0
2010-09-24,1903,1903.TW,上市,68.800003,69.5,68.300003,68.599998,289000,1.0
2010-09-27,1903,1903.TW,上市,69.5,73.400002,69.199997,73.400002,4207000,1.0
2010-09-28,1903,1903.TW,上市,73.300003,73.5,71.199997,71.599998,1145000,1.0
2010-09-29,1903,1903.TW,上市,72.300003,74.900002,71.599998,73.599998,2206000,1.0
2010-09-30,1903,1903.TW,上市,74.0,74.0,72.900002,73.300003,1050000,1.0
2010-10-01,1903,1903.TW,上市,74.099998,77.300003,74.099998,75.699997,2440000,1.0
2010-10-04,1903,1903.TW,上市,76.800003,80.900002,76.699997,79.599998,4356000,1.0
2010-10-05,1903,1903.TW,上市,79.5,79.5,76.0,78.199997,1844000,1.0
2010-10-06,1903,1903.TW,上市,79.0,80.0,77.599998,78.0,2443000,1.0
2010-10-07,1903,1903.TW,上市,78.0,78.699997,74.800003,75.400002,1663000,1.0
2010-10-08,1903,1903.TW,上市,75.800003,76.5,75.099998,75.400002,792000,1.0
2010-10-11,1903,1903.TW,上市,75.400002,76.199997,73.599998,74.400002,1055000,1.0
2010-10-12,1903,1903.TW,上市,74.199997,74.5,71.0,71.400002,1121000,1.0
2010-10-13,1903,1903.TW,上市,71.599998,72.900002,71.599998,72.599998,543000,1.0
2010-10-14,1903,1903.TW,上市,73.599998,75.300003,72.800003,73.400002,1669000,1.0
2010-10-15,1903,1903.TW,上市,73.5,74.699997,72.800003,72.900002,1617000,1.0
2010-10-18,1903,1903.TW,上市,72.900002,72.900002,71.0,71.0,694000,1.0
2010-10-19,1903,1903.TW,上市,71.0,72.5,70.699997,71.099998,414000,1.0
2010-10-20,1903,1903.TW,上市,70.599998,71.699997,70.599998,71.0,482000,1.0
2010-10-21,1903,1903.TW,上市,71.0,72.0,71.0,71.599998,421000,1.0
2010-10-22,1903,1903.TW,上市,72.300003,73.800003,71.300003,72.5,940000,1.0
2010-10-25,1903,1903.TW,上市,72.599998,73.300003,72.0,72.099998,474000,1.0
2010-10-26,1903,1903.TW,上市,72.300003,73.099998,72.099998,72.599998,450000,1.0
2010-10-27,1903,1903.TW,上市,72.099998,73.300003,71.0,71.400002,529000,1.0
2010-10-28,1903,1903.TW,上市,71.400002,72.0,70.099998,70.400002,774000,1.0
2010-10-29,1903,1903.TW,上市,70.599998,70.800003,70.099998,70.099998,447000,1.0
2010-11-01,1903,1903.TW,上市,70.099998,71.400002,70.099998,70.5,464000,1.0
2010-11-02,1903,1903.TW,上市,70.800003,71.699997,70.099998,71.199997,444000,1.0
2010-11-03,1903,1903.TW,上市,71.199997,72.300003,70.800003,70.900002,776000,1.0
2010-11-04,1903,1903.TW,上市,71.0,71.800003,70.099998,71.199997,526000,1.0
2010-11-05,1903,1903.TW,上市,72.5,76.099998,72.199997,76.099998,4007000,1.0
2010-11-08,1903,1903.TW,上市,76.900002,79.400002,76.099998,77.0,5007000,1.0
2010-11-09,1903,1903.TW,上市,77.0,77.0,73.800003,74.800003,1718000,1.0
2010-11-10,1903,1903.TW,上市,75.900002,78.5,75.300003,75.599998,2591000,1.0
2010-11-11,1903,1903.TW,上市,75.300003,76.400002,75.0,75.800003,769000,1.0
2010-11-12,1903,1903.TW,上市,75.800003,76.900002,73.900002,73.900002,870000,1.0
2010-11-15,1903,1903.TW,上市,73.099998,73.900002,71.199997,71.699997,851000,1.0
2010-11-16,1903,1903.TW,上市,71.900002,73.0,71.699997,72.0,432000,1.0
2010-11-17,1903,1903.TW,上市,70.300003,72.699997,70.300003,72.300003,473000,1.0
2010-11-18,1903,1903.TW,上市,72.5,74.5,72.5,74.5,1018000,1.0
2010-11-19,1903,1903.TW,上市,75.5,75.5,73.300003,73.699997,521000,1.0
2010-11-22,1903,1903.TW,上市,73.699997,75.5,73.699997,74.5,532000,1.0
2010-11-23,1903,1903.TW,上市,74.099998,74.400002,72.599998,72.900002,447000,1.0
2010-11-24,1903,1903.TW,上市,71.599998,73.400002,71.599998,72.800003,331000,1.0
2010-11-25,1903,1903.TW,上市,72.699997,73.699997,72.099998,72.5,333000,1.0
2010-11-26,1903,1903.TW,上市,72.5,72.800003,71.800003,71.900002,482000,1.0
2010-11-29,1903,1903.TW,上市,73.900002,75.699997,73.5,75.599998,1728000,1.0
2010-11-30,1903,1903.TW,上市,75.599998,75.599998,74.300003,75.0,809000,1.0
2010-12-01,1903,1903.TW,上市,75.400002,78.400002,75.300003,78.0,2109000,1.0
2010-12-02,1903,1903.TW,上市,78.0,78.0,76.199997,76.199997,1002000,1.0
2010-12-03,1903,1903.TW,上市,76.5,76.599998,74.5,74.800003,1043000,1.0
2010-12-06,1903,1903.TW,上市,75.199997,78.199997,75.199997,77.199997,1664000,1.0
2010-12-07,1903,1903.TW,上市,77.199997,78.699997,76.599998,76.599998,949000,1.0
2010-12-08,1903,1903.TW,上市,77.0,77.0,75.800003,75.800003,434000,1.0
2010-12-09,1903,1903.TW,上市,75.300003,76.400002,74.599998,74.800003,642000,1.0
2010-12-10,1903,1903.TW,上市,74.199997,74.199997,72.0,73.5,771000,1.0
2010-12-13,1903,1903.TW,上市,73.5,74.199997,73.5,74.0,257000,1.0
2010-12-14,1903,1903.TW,上市,70.5,75.0,70.5,73.900002,748000,1.0
2010-12-15,1903,1903.TW,上市,75.0,75.699997,73.699997,73.900002,1017000,1.0
2010-12-16,1903,1903.TW,上市,74.699997,75.0,74.0,74.599998,388000,1.0
2010-12-17,1903,1903.TW,上市,74.599998,77.199997,74.599998,75.0,1028000,1.0
2010-12-20,1903,1903.TW,上市,75.400002,76.800003,75.099998,75.599998,621000,1.0
2010-12-21,1903,1903.TW,上市,74.699997,75.599998,74.699997,75.300003,226000,1.0
2010-12-22,1903,1903.TW,上市,75.699997,75.699997,74.099998,74.699997,300000,1.0
2010-12-23,1903,1903.TW,上市,74.699997,75.199997,73.599998,74.300003,676000,1.0
2010-12-24,1903,1903.TW,上市,74.5,74.900002,73.699997,73.900002,264000,1.0
2010-12-27,1903,1903.TW,上市,74.699997,74.699997,73.599998,74.400002,410000,1.0
2010-12-28,1903,1903.TW,上市,74.900002,75.5,73.0,73.199997,388000,1.0
2010-12-29,1903,1903.TW,上市,73.900002,73.900002,72.5,73.0,466000,1.0
2010-12-30,1903,1903.TW,上市,73.699997,74.699997,73.199997,74.099998,388000,1.0
2010-12-31,1903,1903.TW,上市,74.5,77.5,74.5,75.199997,1523000,1.0
2011-01-03,1903,1903.TW,上市,76.0,79.400002,75.300003,78.5,3562000,1.0
2011-01-04,1903,1903.TW,上市,79.5,80.5,77.599998,77.699997,2608000,1.0
2011-01-05,1903,1903.TW,上市,77.5,78.400002,76.0,76.300003,861000,1.0
2011-01-06,1903,1903.TW,上市,76.300003,76.900002,74.0,75.699997,834000,1.0
2011-01-07,1903,1903.TW,上市,75.699997,75.699997,73.0,73.300003,1313000,1.0
2011-01-10,1903,1903.TW,上市,73.300003,74.400002,72.400002,72.5,856000,1.0
2011-01-11,1903,1903.TW,上市,72.599998,73.400002,72.300003,72.5,905000,1.0
2011-01-12,1903,1903.TW,上市,73.300003,73.800003,72.599998,73.300003,927000,1.0
2011-01-13,1903,1903.TW,上市,74.0,74.300003,72.0,72.199997,907000,1.0
2011-01-14,1903,1903.TW,上市,72.199997,72.800003,72.0,72.099998,458000,1.0
2011-01-17,1903,1903.TW,上市,72.099998,72.5,70.199997,70.699997,545000,1.0
2011-01-18,1903,1903.TW,上市,70.699997,71.400002,70.400002,71.0,566000,1.0
2011-01-19,1903,1903.TW,上市,71.199997,72.300003,71.099998,72.199997,534000,1.0
2011-01-20,1903,1903.TW,上市,72.199997,72.199997,71.0,71.0,431000,1.0
2011-01-21,1903,1903.TW,上市,70.300003,71.0,70.199997,70.599998,282000,1.0
2011-01-24,1903,1903.TW,上市,70.599998,71.300003,70.599998,70.699997,144000,1.0
2011-01-25,1903,1903.TW,上市,71.0,71.5,70.0,70.5,285000,1.0
2011-01-26,1903,1903.TW,上市,70.5,70.900002,70.099998,70.300003,305000,1.0
2011-01-27,1903,1903.TW,上市,70.5,71.199997,70.099998,70.099998,487000,1.0
2011-01-28,1903,1903.TW,上市,70.5,70.5,68.5,68.800003,849000,1.0
2011-02-08,1903,1903.TW,上市,69.099998,69.5,68.0,68.0,288000,1.0
2011-02-09,1903,1903.TW,上市,68.199997,69.599998,68.199997,69.400002,442000,1.0
2011-02-10,1903,1903.TW,上市,69.400002,69.5,68.300003,68.5,206000,1.0
2011-02-11,1903,1903.TW,上市,68.099998,68.300003,66.300003,66.300003,578000,1.0
2011-02-14,1903,1903.TW,上市,66.400002,66.699997,65.0,65.599998,522000,1.0
2011-02-15,1903,1903.TW,上市,65.5,65.5,64.0,64.199997,656000,1.0
2011-02-16,1903,1903.TW,上市,64.0,65.900002,64.0,64.800003,385000,1.0
2011-02-17,1903,1903.TW,上市,65.0,65.400002,64.099998,64.400002,285000,1.0
2011-02-18,1903,1903.TW,上市,65.0,67.199997,65.0,66.400002,498000,1.0
2011-02-21,1903,1903.TW,上市,66.699997,66.699997,65.099998,65.699997,224000,1.0
2011-02-22,1903,1903.TW,上市,65.0,65.0,62.400002,63.400002,700000,1.0
2011-02-23,1903,1903.TW,上市,62.5,63.799999,61.700001,62.299999,590000,1.0
2011-02-24,1903,1903.TW,上市,62.5,63.0,61.0,61.700001,436000,1.0
2011-02-25,1903,1903.TW,上市,61.700001,62.0,59.5,61.0,631000,1.0
2011-03-01,1903,1903.TW,上市,61.5,61.900002,61.0,61.900002,285000,1.0
2011-03-02,1903,1903.TW,上市,61.200001,61.900002,61.0,61.099998,168000,1.0
2011-03-03,1903,1903.TW,上市,61.799999,61.900002,61.200001,61.599998,188000,1.0
2011-03-04,1903,1903.TW,上市,61.900002,62.0,61.0,61.099998,257000,1.0
2011-03-07,1903,1903.TW,上市,61.200001,61.200001,59.799999,60.299999,261000,1.0
2011-03-08,1903,1903.TW,上市,60.299999,60.900002,60.099998,60.099998,337000,1.0
2011-03-09,1903,1903.TW,上市,61.200001,61.5,60.5,61.0,333000,1.0
2011-03-10,1903,1903.TW,上市,61.200001,61.400002,60.799999,61.099998,242000,1.0
2011-03-11,1903,1903.TW,上市,61.099998,61.799999,61.0,61.200001,344000,1.0
2011-03-14,1903,1903.TW,上市,60.5,60.5,58.5,58.700001,509000,1.0
2011-03-15,1903,1903.TW,上市,58.700001,59.599998,54.599998,54.700001,652000,1.0
2011-03-16,1903,1903.TW,上市,54.799999,57.0,54.799999,57.0,474000,1.0
2011-03-17,1903,1903.TW,上市,56.5,58.0,55.0,57.900002,308000,1.0
2011-03-18,1903,1903.TW,上市,58.900002,59.5,58.0,59.5,448000,1.0
2011-03-21,1903,1903.TW,上市,59.0,59.099998,58.200001,58.5,402000,1.0
2011-03-22,1903,1903.TW,上市,59.0,59.400002,58.0,58.599998,197000,1.0
2011-03-23,1903,1903.TW,上市,58.599998,60.0,58.5,59.799999,345000,1.0
2011-03-24,1903,1903.TW,上市,60.299999,60.5,59.200001,59.299999,206000,1.0
2011-03-25,1903,1903.TW,上市,59.299999,59.700001,59.0,59.099998,124000,1.0
2011-03-28,1903,1903.TW,上市,59.099998,59.299999,58.400002,58.599998,149000,1.0
2011-03-29,1903,1903.TW,上市,58.599998,59.0,58.299999,58.299999,73000,1.0
2011-03-30,1903,1903.TW,上市,58.299999,58.799999,58.200001,58.299999,64000,1.0
2011-03-31,1903,1903.TW,上市,58.599998,59.0,58.0,58.0,106000,1.0
2011-04-01,1903,1903.TW,上市,58.099998,59.0,58.099998,59.0,98000,1.0
2011-04-06,1903,1903.TW,上市,59.0,59.900002,59.0,59.299999,206000,1.0
2011-04-07,1903,1903.TW,上市,59.5,61.200001,59.5,61.0,575000,1.0
2011-04-08,1903,1903.TW,上市,61.200001,61.400002,60.5,60.900002,222000,1.0
2011-04-11,1903,1903.TW,上市,61.0,61.5,60.700001,60.799999,235000,1.0
2011-04-12,1903,1903.TW,上市,60.700001,61.200001,59.900002,60.0,157000,1.0
2011-04-13,1903,1903.TW,上市,60.0,60.5,59.700001,60.200001,108000,1.0
2011-04-14,1903,1903.TW,上市,60.5,61.099998,60.0,60.0,149000,1.0
2011-04-15,1903,1903.TW,上市,60.0,60.0,59.099998,59.599998,94000,1.0
2011-04-18,1903,1903.TW,上市,59.599998,60.0,58.700001,59.099998,109000,1.0
2011-04-19,1903,1903.TW,上市,58.0,58.5,57.5,58.5,143000,1.0
2011-04-20,1903,1903.TW,上市,58.5,59.200001,58.099998,59.200001,187000,1.0
2011-04-21,1903,1903.TW,上市,59.200001,62.0,59.200001,60.700001,515000,1.0
2011-04-22,1903,1903.TW,上市,60.700001,61.0,60.0,60.700001,259000,1.0
2011-04-25,1903,1903.TW,上市,61.0,61.0,60.099998,60.799999,109000,1.0
2011-04-26,1903,1903.TW,上市,60.900002,61.299999,60.5,61.299999,114000,1.0
2011-04-27,1903,1903.TW,上市,61.400002,61.799999,60.5,60.700001,122000,1.0
2011-04-28,1903,1903.TW,上市,60.900002,62.200001,60.799999,61.5,567000,1.0
2011-04-29,1903,1903.TW,上市,62.0,62.900002,61.299999,62.299999,564000,1.0
2011-05-03,1903,1903.TW,上市,62.5,62.5,60.5,61.5,230000,1.0
2011-05-04,1903,1903.TW,上市,61.5,61.599998,60.900002,61.200001,76000,1.0
2011-05-05,1903,1903.TW,上市,61.200001,61.5,61.0,61.400002,153000,1.0
2011-05-06,1903,1903.TW,上市,61.400002,62.400002,61.0,61.200001,170000,1.0
2011-05-09,1903,1903.TW,上市,61.200001,62.299999,61.200001,62.099998,353000,1.0
2011-05-10,1903,1903.TW,上市,62.099998,62.5,61.299999,61.400002,170000,1.0
2011-05-11,1903,1903.TW,上市,61.400002,62.099998,61.099998,61.099998,139000,1.0
2011-05-12,1903,1903.TW,上市,61.0,61.099998,60.5,60.700001,112000,1.0
2011-05-13,1903,1903.TW,上市,60.700001,61.200001,60.099998,60.700001,257000,1.0
2011-05-16,1903,1903.TW,上市,60.700001,61.400002,60.700001,61.0,109000,1.0
2011-05-17,1903,1903.TW,上市,61.0,61.0,60.299999,60.700001,122000,1.0
2011-05-18,1903,1903.TW,上市,60.700001,61.5,60.5,61.099998,150000,1.0
2011-05-19,1903,1903.TW,上市,61.5,61.599998,60.5,61.099998,147000,1.0
2011-05-20,1903,1903.TW,上市,60.299999,61.0,60.299999,60.299999,59000,1.0
2011-05-23,1903,1903.TW,上市,60.0,60.0,57.0,57.700001,421000,1.0
2011-05-24,1903,1903.TW,上市,57.700001,57.700001,56.5,57.599998,248000,1.0
2011-05-25,1903,1903.TW,上市,56.700001,58.299999,56.5,58.099998,219000,1.0
2011-05-26,1903,1903.TW,上市,58.400002,58.400002,57.5,57.700001,145000,1.0
2011-05-27,1903,1903.TW,上市,57.700001,58.099998,57.599998,57.700001,144000,1.0
2011-05-30,1903,1903.TW,上市,57.299999,58.299999,57.299999,58.0,81000,1.0
2011-05-31,1903,1903.TW,上市,58.0,59.0,58.0,58.900002,164000,1.0
2011-06-01,1903,1903.TW,上市,59.0,59.5,58.700001,59.099998,149000,1.0
2011-06-02,1903,1903.TW,上市,58.5,59.099998,58.400002,58.900002,66000,1.0
2011-06-03,1903,1903.TW,上市,58.700001,58.900002,58.5,58.5,98000,1.0
2011-06-07,1903,1903.TW,上市,58.5,58.700001,58.5,58.700001,53000,1.0
2011-06-08,1903,1903.TW,上市,58.700001,58.700001,58.400002,58.400002,80000,1.0
2011-06-09,1903,1903.TW,上市,57.799999,58.799999,57.799999,58.599998,75000,1.0
2011-06-10,1903,1903.TW,上市,58.599998,58.599998,57.5,57.599998,159000,1.0
2011-06-13,1903,1903.TW,上市,57.099998,57.5,56.599998,56.799999,100000,1.0
2011-06-14,1903,1903.TW,上市,56.799999,57.599998,56.700001,56.700001,163000,1.0
2011-06-15,1903,1903.TW,上市,56.900002,58.5,56.5,58.0,437000,1.0
2011-06-16,1903,1903.TW,上市,57.799999,57.799999,56.599998,56.799999,98000,1.0
2011-06-17,1903,1903.TW,上市,56.799999,57.0,56.5,56.599998,174000,1.0
2011-06-20,1903,1903.TW,上市,57.0,57.5,55.599998,56.099998,102000,1.0
2011-06-21,1903,1903.TW,上市,56.400002,56.400002,52.200001,53.0,845000,1.0
2011-06-22,1903,1903.TW,上市,53.0,54.099998,53.0,54.099998,260000,1.0
2011-06-23,1903,1903.TW,上市,53.799999,54.099998,53.0,54.099998,190000,1.0
2011-06-24,1903,1903.TW,上市,54.099998,56.299999,53.799999,56.099998,222000,1.0
2011-06-27,1903,1903.TW,上市,55.099998,56.299999,55.099998,55.5,162000,1.0
2011-06-28,1903,1903.TW,上市,57.400002,59.299999,57.0,59.299999,1009000,1.0
2011-06-29,1903,1903.TW,上市,59.599998,60.0,58.5,59.299999,812000,1.0
2011-06-30,1903,1903.TW,上市,59.099998,59.900002,58.5,58.5,322000,1.0
2011-07-01,1903,1903.TW,上市,59.799999,59.799999,58.799999,59.5,279000,1.0
2011-07-04,1903,1903.TW,上市,60.0,61.5,60.0,60.700001,720000,1.0
2011-07-05,1903,1903.TW,上市,60.700001,60.799999,60.0,60.400002,393000,1.0
2011-07-06,1903,1903.TW,上市,60.5,60.5,59.299999,59.400002,220000,1.0
2011-07-07,1903,1903.TW,上市,59.700001,61.299999,59.700001,60.400002,602000,1.0
2011-07-08,1903,1903.TW,上市,61.900002,62.099998,60.599998,60.599998,497000,1.0
2011-07-11,1903,1903.TW,上市,61.200001,61.200001,60.200001,61.0,188000,1.0
2011-07-12,1903,1903.TW,上市,60.799999,60.799999,59.0,59.900002,175000,1.0
2011-07-13,1903,1903.TW,上市,59.900002,60.5,58.700001,59.099998,187000,1.0
2011-07-14,1903,1903.TW,上市,59.099998,59.299999,57.700001,59.099998,192000,1.0
2011-07-15,1903,1903.TW,上市,59.099998,61.599998,59.099998,60.900002,518000,1.0
2011-07-18,1903,1903.TW,上市,60.900002,61.400002,60.0,60.299999,190000,1.0
2011-07-19,1903,1903.TW,上市,60.0,60.799999,60.0,60.5,203000,1.0
2011-07-20,1903,1903.TW,上市,61.0,62.5,60.599998,62.5,850000,1.0
2011-07-21,1903,1903.TW,上市,63.5,66.0,63.0,64.199997,1794000,1.0
2011-07-22,1903,1903.TW,上市,64.5,65.099998,63.599998,63.799999,549000,1.0
2011-07-25,1903,1903.TW,上市,63.599998,64.199997,62.099998,62.700001,488000,1.0
2011-07-26,1903,1903.TW,上市,62.900002,63.0,62.200001,62.5,302000,1.0
2011-07-27,1903,1903.TW,上市,62.5,64.5,62.200001,63.700001,444000,1.0
2011-07-28,1903,1903.TW,上市,63.5,64.5,63.099998,63.400002,437000,1.0
2011-07-29,1903,1903.TW,上市,63.799999,67.0,63.799999,65.300003,1890000,1.0
2011-08-01,1903,1903.TW,上市,65.800003,66.300003,64.5,65.400002,566000,1.0
2011-08-02,1903,1903.TW,上市,65.0,66.0,63.299999,64.0,321000,1.0
2011-08-03,1903,1903.TW,上市,62.200001,63.900002,61.0,63.400002,516000,1.0
2011-08-04,1903,1903.TW,上市,63.400002,64.099998,61.0,61.0,446000,1.0
2011-08-05,1903,1903.TW,上市,56.799999,57.299999,56.799999,56.799999,1038000,1.0
2011-08-08,1903,1903.TW,上市,55.799999,56.0,52.900002,53.099998,731000,1.0
2011-08-09,1903,1903.TW,上市,49.5,56.0,49.400002,54.799999,624000,1.0
2011-08-10,1903,1903.TW,上市,56.0,56.299999,55.200001,55.299999,629000,1.0
2011-08-11,1903,1903.TW,上市,52.0,54.599998,52.0,54.299999,284000,1.0
2011-08-12,1903,1903.TW,上市,54.5,55.700001,53.799999,54.099998,329000,1.0
2011-08-15,1903,1903.TW,上市,55.299999,55.299999,54.5,55.200001,117000,1.0
2011-08-16,1903,1903.TW,上市,55.200001,55.700001,54.5,55.599998,216000,1.0
2011-08-17,1903,1903.TW,上市,55.599998,55.599998,54.099998,54.200001,159000,1.0
2011-08-18,1903,1903.TW,上市,52.599998,54.0,52.200001,53.5,209000,1.0
2011-08-19,1903,1903.TW,上市,52.200001,55.5,51.5,51.599998,299000,1.0
2011-08-22,1903,1903.TW,上市,52.0,52.700001,50.799999,50.900002,269000,1.0
2011-08-23,1903,1903.TW,上市,51.0,53.900002,51.0,53.099998,190000,1.0
2011-08-24,1903,1903.TW,上市,53.099998,54.799999,52.200001,54.099998,248000,1.0
2011-08-25,1903,1903.TW,上市,54.900002,55.0,52.599998,52.700001,147000,1.0
2011-08-26,1903,1903.TW,上市,52.599998,52.799999,51.299999,52.700001,136000,1.0
2011-08-29,1903,1903.TW,上市,53.700001,54.400002,53.0,54.400002,158000,1.0
2011-08-30,1903,1903.TW,上市,54.599998,55.5,54.400002,54.599998,216000,1.0
2011-08-31,1903,1903.TW,上市,55.299999,55.299999,54.400002,54.5,177000,1.0
2011-09-01,1903,1903.TW,上市,54.599998,55.0,53.5,54.0,223000,1.0
2011-09-02,1903,1903.TW,上市,54.400002,54.5,53.400002,54.299999,73000,1.0
2011-09-05,1903,1903.TW,上市,53.299999,53.299999,52.299999,53.0,145000,1.0
2011-09-06,1903,1903.TW,上市,53.0,53.0,51.5,51.5,152000,1.0
2011-09-07,1903,1903.TW,上市,52.200001,53.0,52.099998,52.599998,79000,1.0
2011-09-08,1903,1903.TW,上市,52.599998,52.599998,51.900002,52.200001,122000,1.0
2011-09-09,1903,1903.TW,上市,52.0,52.200001,51.700001,52.0,137000,1.0
2011-09-13,1903,1903.TW,上市,52.0,52.0,51.0,51.0,68000,1.0
2011-09-14,1903,1903.TW,上市,51.700001,51.700001,50.0,50.099998,188000,1.0
2011-09-15,1903,1903.TW,上市,51.0,51.5,50.599998,51.0,78000,1.0
2011-09-16,1903,1903.TW,上市,51.0,52.299999,51.0,52.0,162000,1.0
2011-09-19,1903,1903.TW,上市,51.900002,52.0,51.0,51.799999,38000,1.0
2011-09-20,1903,1903.TW,上市,51.099998,52.0,50.700001,51.200001,87000,1.0
2011-09-21,1903,1903.TW,上市,51.900002,52.400002,51.099998,52.299999,74000,1.0
2011-09-22,1903,1903.TW,上市,51.299999,51.900002,50.599998,51.0,112000,1.0
2011-09-23,1903,1903.TW,上市,50.0,50.0,48.5,49.049999,126000,1.0
2011-09-26,1903,1903.TW,上市,46.700001,46.700001,46.5,46.5,176000,1.0
2011-09-27,1903,1903.TW,上市,46.599998,48.5,46.599998,48.0,166000,1.0
2011-09-28,1903,1903.TW,上市,47.950001,48.400002,47.200001,47.5,48000,1.0
2011-09-29,1903,1903.TW,上市,47.5,48.5,47.0,48.0,137000,1.0
2011-09-30,1903,1903.TW,上市,49.299999,49.299999,47.599998,48.599998,99000,1.0
2011-10-03,1903,1903.TW,上市,47.599998,48.200001,47.299999,48.0,66000,1.0
2011-10-04,1903,1903.TW,上市,46.5,47.150002,45.5,47.0,143000,1.0
2011-10-05,1903,1903.TW,上市,47.0,47.0,46.5,46.900002,57000,1.0
2011-10-06,1903,1903.TW,上市,46.900002,47.900002,46.900002,47.5,81000,1.0
2011-10-07,1903,1903.TW,上市,47.950001,47.950001,47.75,47.75,796000,1.0
2011-10-11,1903,1903.TW,上市,47.75,48.799999,47.75,48.799999,143000,1.0
2011-10-12,1903,1903.TW,上市,49.0,49.0,48.0,48.950001,159000,1.0
2011-10-13,1903,1903.TW,上市,48.799999,49.299999,48.799999,49.200001,193000,1.0
2011-10-14,1903,1903.TW,上市,49.200001,49.200001,48.599998,48.599998,40000,1.0
2011-10-17,1903,1903.TW,上市,49.0,50.200001,49.0,49.549999,93000,1.0
2011-10-18,1903,1903.TW,上市,49.099998,49.900002,49.0,49.700001,137000,1.0
2011-10-19,1903,1903.TW,上市,49.049999,49.799999,48.650002,49.150002,59000,1.0
2011-10-20,1903,1903.TW,上市,49.0,49.0,47.900002,48.0,35000,1.0
2011-10-21,1903,1903.TW,上市,48.0,48.700001,47.299999,48.200001,20000,1.0
2011-10-24,1903,1903.TW,上市,49.400002,50.400002,49.400002,49.849998,183000,1.0
2011-10-25,1903,1903.TW,上市,49.799999,51.5,49.799999,50.599998,256000,1.0
2011-10-26,1903,1903.TW,上市,50.099998,50.799999,50.099998,50.799999,87000,1.0
2011-10-27,1903,1903.TW,上市,52.0,52.0,50.5,50.900002,119000,1.0
2011-10-28,1903,1903.TW,上市,51.799999,52.5,51.5,52.0,325000,1.0
2011-10-31,1903,1903.TW,上市,52.0,52.400002,50.400002,50.599998,109000,1.0
2011-11-01,1903,1903.TW,上市,50.599998,51.799999,50.200001,51.099998,75000,1.0
2011-11-02,1903,1903.TW,上市,50.0,50.599998,49.5,50.299999,101000,1.0
2011-11-03,1903,1903.TW,上市,50.0,50.400002,49.599998,49.599998,81000,1.0
2011-11-04,1903,1903.TW,上市,50.900002,50.900002,50.0,50.299999,113000,1.0
2011-11-07,1903,1903.TW,上市,50.5,51.0,50.400002,50.400002,42000,1.0
2011-11-08,1903,1903.TW,上市,50.400002,51.0,50.099998,50.200001,41000,1.0
2011-11-09,1903,1903.TW,上市,50.5,50.5,50.0,50.099998,31000,1.0
2011-11-10,1903,1903.TW,上市,49.700001,49.700001,47.799999,48.25,118000,1.0
2011-11-11,1903,1903.TW,上市,48.349998,48.900002,48.349998,48.599998,58000,1.0
2011-11-14,1903,1903.TW,上市,48.549999,49.5,48.549999,48.799999,66000,1.0
2011-11-15,1903,1903.TW,上市,48.799999,49.75,48.799999,49.099998,55000,1.0
2011-11-16,1903,1903.TW,上市,49.700001,49.700001,48.5,48.599998,53000,1.0
2011-11-17,1903,1903.TW,上市,48.0,48.900002,48.0,48.700001,43000,1.0
2011-11-18,1903,1903.TW,上市,47.700001,48.400002,47.5,47.599998,46000,1.0
2011-11-21,1903,1903.TW,上市,47.599998,48.400002,46.799999,47.349998,66000,1.0
2011-11-22,1903,1903.TW,上市,46.150002,47.5,45.5,46.450001,124000,1.0
2011-11-23,1903,1903.TW,上市,46.0,46.0,43.5,44.400002,158000,1.0
2011-11-24,1903,1903.TW,上市,42.650002,44.700001,42.650002,44.25,130000,1.0
2011-11-25,1903,1903.TW,上市,44.25,44.25,42.799999,43.5,75000,1.0
2011-11-28,1903,1903.TW,上市,42.799999,43.599998,42.799999,43.5,130000,1.0
2011-11-29,1903,1903.TW,上市,43.599998,44.299999,43.5,43.700001,73000,1.0
2011-11-30,1903,1903.TW,上市,43.5,43.799999,42.75,42.75,69000,1.0
2011-12-01,1903,1903.TW,上市,44.0,45.400002,43.549999,44.950001,149000,1.0
2011-12-02,1903,1903.TW,上市,44.900002,44.900002,44.200001,44.200001,38000,1.0
2011-12-05,1903,1903.TW,上市,44.700001,45.5,44.200001,44.349998,102000,1.0
2011-12-06,1903,1903.TW,上市,44.349998,44.5,43.849998,44.400002,41000,1.0
2011-12-07,1903,1903.TW,上市,44.400002,44.599998,43.900002,44.599998,29000,1.0
2011-12-08,1903,1903.TW,上市,44.0,44.0,43.599998,43.900002,30000,1.0
2011-12-09,1903,1903.TW,上市,43.5,43.5,42.549999,43.5,41000,1.0
2011-12-12,1903,1903.TW,上市,43.5,44.25,43.049999,43.049999,36000,1.0
2011-12-13,1903,1903.TW,上市,43.099998,43.099998,41.099998,41.5,130000,1.0
2011-12-14,1903,1903.TW,上市,41.5,42.299999,41.5,41.700001,80000,1.0
2011-12-15,1903,1903.TW,上市,41.700001,41.700001,40.549999,40.549999,69000,1.0
2011-12-16,1903,1903.TW,上市,40.549999,41.0,40.0,40.150002,119000,1.0
2011-12-19,1903,1903.TW,上市,40.150002,40.150002,37.349998,37.349998,307000,1.0
2011-12-20,1903,1903.TW,上市,35.299999,37.650002,35.299999,37.349998,115000,1.0
2011-12-21,1903,1903.TW,上市,38.799999,39.950001,38.799999,39.950001,224000,1.0
2011-12-22,1903,1903.TW,上市,40.75,40.75,39.299999,39.900002,72000,1.0
2011-12-23,1903,1903.TW,上市,40.049999,42.25,40.049999,41.950001,147000,1.0
2011-12-26,1903,1903.TW,上市,41.950001,42.200001,41.599998,41.599998,70000,1.0
2011-12-27,1903,1903.TW,上市,41.700001,41.700001,41.0,41.099998,112000,1.0
2011-12-28,1903,1903.TW,上市,41.5,41.5,41.0,41.0,35000,1.0
2011-12-29,1903,1903.TW,上市,41.0,41.700001,40.900002,41.150002,99000,1.0
2011-12-30,1903,1903.TW,上市,41.700001,41.900002,41.5,41.5,140000,1.0
2012-01-02,1903,1903.TW,上市,41.5,41.5,41.5,41.5,0,1.0
2012-01-03,1903,1903.TW,上市,41.5,41.5,41.5,41.5,0,1.0
2012-01-04,1903,1903.TW,上市,41.5,41.5,41.5,41.5,0,1.0
2012-01-05,1903,1903.TW,上市,41.5,41.5,41.5,41.5,0,1.0
2012-01-06,1903,1903.TW,上市,40.400002,40.400002,39.799999,40.200001,146000,1.0
2012-01-09,1903,1903.TW,上市,40.200001,40.200001,39.900002,40.049999,91000,1.0
2012-01-10,1903,1903.TW,上市,40.0,40.599998,40.0,40.25,157000,1.0
2012-01-11,1903,1903.TW,上市,40.349998,41.0,40.299999,40.400002,106000,1.0
2012-01-12,1903,1903.TW,上市,40.400002,41.049999,40.400002,40.549999,153000,1.0
2012-01-13,1903,1903.TW,上市,40.599998,41.0,39.799999,39.799999,188000,1.0
2012-01-16,1903,1903.TW,上市,40.099998,41.5,40.099998,40.599998,201000,1.0
2012-01-17,1903,1903.TW,上市,41.150002,42.700001,40.700001,42.5,269000,1.0
2012-01-18,1903,1903.TW,上市,42.450001,42.599998,41.799999,42.349998,193000,1.0
2012-01-30,1903,1903.TW,上市,43.0,44.0,42.799999,42.799999,211000,1.0
2012-01-31,1903,1903.TW,上市,42.799999,44.0,42.549999,43.700001,306000,1.0
2012-02-01,1903,1903.TW,上市,43.799999,45.099998,43.299999,45.099998,331000,1.0
2012-02-02,1903,1903.TW,上市,45.599998,48.25,45.5,48.150002,480000,1.0
2012-02-03,1903,1903.TW,上市,48.5,48.5,46.700001,47.400002,318000,1.0
2012-02-06,1903,1903.TW,上市,46.0,46.5,46.0,46.099998,193000,1.0
2012-02-07,1903,1903.TW,上市,46.099998,46.5,45.5,46.0,130000,1.0
2012-02-08,1903,1903.TW,上市,46.0,47.25,46.0,47.25,196000,1.0
2012-02-09,1903,1903.TW,上市,47.25,48.400002,46.5,48.400002,223000,1.0
2012-02-10,1903,1903.TW,上市,48.599998,49.5,47.799999,49.200001,278000,1.0
2012-02-13,1903,1903.TW,上市,49.5,49.799999,48.299999,49.599998,198000,1.0
2012-02-14,1903,1903.TW,上市,49.0,50.799999,48.799999,49.049999,171000,1.0
2012-02-15,1903,1903.TW,上市,49.0,49.700001,48.650002,49.599998,281000,1.0
2012-02-16,1903,1903.TW,上市,49.599998,49.599998,48.5,48.5,131000,1.0
2012-02-17,1903,1903.TW,上市,48.549999,49.099998,48.450001,48.900002,180000,1.0
2012-02-20,1903,1903.TW,上市,49.5,49.799999,49.049999,49.200001,145000,1.0
2012-02-21,1903,1903.TW,上市,49.0,49.200001,49.0,49.0,68000,1.0
2012-02-22,1903,1903.TW,上市,49.0,49.700001,49.0,49.099998,151000,1.0
2012-02-23,1903,1903.TW,上市,49.450001,49.650002,48.950001,49.599998,171000,1.0
2012-02-24,1903,1903.TW,上市,49.599998,49.849998,49.0,49.200001,158000,1.0
2012-02-29,1903,1903.TW,上市,49.299999,49.799999,49.200001,49.650002,75000,1.0
2012-03-01,1903,1903.TW,上市,49.650002,51.0,49.650002,50.700001,276000,1.0
2012-03-02,1903,1903.TW,上市,51.0,52.299999,50.799999,51.0,257000,1.0
2012-03-05,1903,1903.TW,上市,54.900002,55.0,52.700001,52.700001,388000,1.0
2012-03-06,1903,1903.TW,上市,53.0,53.400002,51.0,51.0,348000,1.0
2012-03-07,1903,1903.TW,上市,50.099998,51.599998,49.549999,51.599998,293000,1.0
2012-03-08,1903,1903.TW,上市,52.0,53.0,51.5,51.700001,267000,1.0
2012-03-09,1903,1903.TW,上市,52.5,52.5,51.299999,51.799999,149000,1.0
2012-03-12,1903,1903.TW,上市,50.599998,52.0,50.599998,50.700001,122000,1.0
2012-03-13,1903,1903.TW,上市,51.0,51.5,50.700001,50.700001,109000,1.0
2012-03-14,1903,1903.TW,上市,51.900002,51.900002,51.200001,51.599998,132000,1.0
2012-03-15,1903,1903.TW,上市,51.200001,51.599998,51.0,51.200001,86000,1.0
2012-03-16,1903,1903.TW,上市,51.799999,51.799999,50.900002,51.0,80000,1.0
2012-03-19,1903,1903.TW,上市,50.700001,51.700001,50.0,50.599998,41000,1.0
2012-03-20,1903,1903.TW,上市,50.799999,51.0,50.099998,50.200001,161000,1.0
2012-03-21,1903,1903.TW,上市,50.0,50.700001,49.799999,50.700001,126000,1.0
2012-03-22,1903,1903.TW,上市,51.0,51.0,50.5,50.799999,74000,1.0
2012-03-23,1903,1903.TW,上市,51.0,51.0,50.400002,50.799999,76000,1.0
2012-03-26,1903,1903.TW,上市,50.200001,50.799999,49.900002,50.200001,144000,1.0
2012-03-27,1903,1903.TW,上市,50.299999,50.400002,50.0,50.0,99000,1.0
2012-03-28,1903,1903.TW,上市,50.200001,50.200001,49.75,49.799999,66000,1.0
2012-03-29,1903,1903.TW,上市,49.5,49.5,47.5,47.599998,148000,1.0
2012-03-30,1903,1903.TW,上市,47.0,47.450001,47.0,47.299999,130000,1.0
2012-04-02,1903,1903.TW,上市,47.650002,48.200001,47.400002,47.400002,147000,1.0
2012-04-03,1903,1903.TW,上市,47.5,47.5,45.5,46.450001,103000,1.0
2012-04-05,1903,1903.TW,上市,44.5,45.0,44.0,44.700001,73000,1.0
2012-04-06,1903,1903.TW,上市,45.0,46.299999,45.0,45.900002,165000,1.0
2012-04-09,1903,1903.TW,上市,45.049999,45.5,44.150002,44.75,81000,1.0
2012-04-10,1903,1903.TW,上市,46.200001,46.400002,45.200001,45.599998,186000,1.0
2012-04-11,1903,1903.TW,上市,45.599998,45.700001,45.099998,45.700001,39000,1.0
2012-04-12,1903,1903.TW,上市,42.549999,45.400002,42.549999,45.349998,108000,1.0
2012-04-13,1903,1903.TW,上市,45.5,48.5,45.5,48.5,346000,1.0
2012-04-16,1903,1903.TW,上市,49.0,49.0,47.900002,48.549999,157000,1.0
2012-04-17,1903,1903.TW,上市,48.549999,48.549999,47.0,47.0,93000,1.0
2012-04-18,1903,1903.TW,上市,47.0,47.900002,47.0,47.049999,63000,1.0
2012-04-19,1903,1903.TW,上市,43.799999,43.799999,43.799999,43.799999,261000,1.0
2012-04-20,1903,1903.TW,上市,40.799999,42.299999,40.799999,41.75,1244000,1.0
2012-04-23,1903,1903.TW,上市,41.25,41.400002,40.150002,40.799999,453000,1.0
2012-04-24,1903,1903.TW,上市,40.299999,40.900002,40.299999,40.799999,209000,1.0
2012-04-25,1903,1903.TW,上市,40.700001,42.0,40.700001,41.549999,193000,1.0
2012-04-26,1903,1903.TW,上市,42.200001,42.200001,41.5,41.5,221000,1.0
2012-04-27,1903,1903.TW,上市,41.5,41.799999,40.700001,40.849998,186000,1.0
2012-04-30,1903,1903.TW,上市,40.849998,41.099998,40.650002,40.900002,121000,1.0
2012-05-02,1903,1903.TW,上市,41.0,41.950001,40.900002,41.799999,238000,1.0
2012-05-03,1903,1903.TW,上市,41.799999,42.0,41.299999,41.349998,117000,1.0
2012-05-04,1903,1903.TW,上市,41.0,42.299999,41.0,41.799999,100000,1.0
2012-05-07,1903,1903.TW,上市,41.200001,41.599998,41.0,41.5,63000,1.0
2012-05-08,1903,1903.TW,上市,41.5,41.5,41.099998,41.200001,59000,1.0
2012-05-09,1903,1903.TW,上市,41.200001,41.400002,40.599998,40.599998,116000,1.0
2012-05-10,1903,1903.TW,上市,40.099998,40.950001,40.099998,40.849998,69000,1.0
2012-05-11,1903,1903.TW,上市,40.5,40.599998,40.099998,40.5,69000,1.0
2012-05-14,1903,1903.TW,上市,40.299999,40.450001,40.0,40.299999,46000,1.0
2012-05-15,1903,1903.TW,上市,40.0,40.400002,40.0,40.150002,100000,1.0
2012-05-16,1903,1903.TW,上市,40.150002,40.150002,39.5,39.650002,185000,1.0
2012-05-17,1903,1903.TW,上市,39.650002,39.950001,39.650002,39.950001,75000,1.0
2012-05-18,1903,1903.TW,上市,39.5,39.5,39.0,39.0,180000,1.0
2012-05-21,1903,1903.TW,上市,39.0,39.200001,39.0,39.0,69000,1.0
2012-05-22,1903,1903.TW,上市,39.0,39.549999,39.0,39.299999,44000,1.0
2012-05-23,1903,1903.TW,上市,39.099998,39.099998,38.599998,38.700001,100000,1.0
2012-05-24,1903,1903.TW,上市,38.700001,39.200001,38.599998,38.650002,87000,1.0
2012-05-25,1903,1903.TW,上市,38.650002,39.0,38.599998,38.700001,75000,1.0
2012-05-28,1903,1903.TW,上市,38.599998,39.349998,38.599998,39.349998,44000,1.0
2012-05-29,1903,1903.TW,上市,39.799999,40.200001,39.700001,40.099998,193000,1.0
2012-05-30,1903,1903.TW,上市,39.799999,39.799999,39.200001,39.450001,77000,1.0
2012-05-31,1903,1903.TW,上市,39.099998,39.950001,39.099998,39.900002,34000,1.0
2012-06-01,1903,1903.TW,上市,39.599998,39.599998,38.75,39.0,70000,1.0
2012-06-04,1903,1903.TW,上市,37.049999,38.25,37.049999,38.25,157000,1.0
2012-06-05,1903,1903.TW,上市,38.5,39.5,38.5,38.900002,105000,1.0
2012-06-06,1903,1903.TW,上市,39.200001,40.5,39.200001,39.650002,141000,1.0
2012-06-07,1903,1903.TW,上市,40.599998,40.599998,39.599998,39.599998,63000,1.0
2012-06-08,1903,1903.TW,上市,39.599998,39.900002,39.200001,39.299999,66000,1.0
2012-06-11,1903,1903.TW,上市,40.0,40.0,39.099998,39.5,53000,1.0
2012-06-12,1903,1903.TW,上市,39.299999,39.799999,39.25,39.799999,54000,1.0
2012-06-13,1903,1903.TW,上市,39.700001,39.900002,39.700001,39.75,27000,1.0
2012-06-14,1903,1903.TW,上市,39.650002,40.0,39.599998,39.599998,40000,1.0
2012-06-15,1903,1903.TW,上市,39.599998,40.0,39.5,39.650002,126000,1.0
2012-06-18,1903,1903.TW,上市,40.0,40.900002,39.900002,40.299999,124000,1.0
2012-06-19,1903,1903.TW,上市,40.799999,40.799999,39.799999,39.900002,50000,1.0
2012-06-20,1903,1903.TW,上市,40.5,40.700001,40.25,40.599998,93000,1.0
2012-06-21,1903,1903.TW,上市,41.0,41.0,40.099998,40.599998,26000,1.0
2012-06-22,1903,1903.TW,上市,40.150002,40.150002,39.900002,40.099998,84000,1.0
2012-06-25,1903,1903.TW,上市,39.799999,40.150002,39.799999,40.049999,33000,1.0
2012-06-26,1903,1903.TW,上市,40.049999,40.5,40.0,40.049999,160000,1.0
2012-06-27,1903,1903.TW,上市,40.200001,40.299999,39.950001,40.049999,62000,1.0
2012-06-28,1903,1903.TW,上市,40.049999,40.349998,39.900002,40.049999,37000,1.0
2012-06-29,1903,1903.TW,上市,40.0,40.349998,39.950001,40.349998,42000,1.0
2012-07-02,1903,1903.TW,上市,40.349998,41.400002,40.349998,40.950001,125000,1.0
2012-07-03,1903,1903.TW,上市,41.0,41.5,40.950001,41.349998,84000,1.0
2012-07-04,1903,1903.TW,上市,41.150002,41.299999,41.099998,41.099998,71000,1.0
2012-07-05,1903,1903.TW,上市,41.25,41.25,40.599998,40.599998,75000,1.0
2012-07-06,1903,1903.TW,上市,40.599998,40.599998,40.200001,40.200001,56000,1.0
2012-07-09,1903,1903.TW,上市,40.200001,41.299999,40.200001,40.950001,240000,1.0
2012-07-10,1903,1903.TW,上市,41.299999,41.299999,40.450001,40.5,61000,1.0
2012-07-11,1903,1903.TW,上市,40.5,40.700001,40.5,40.5,19000,1.0
2012-07-12,1903,1903.TW,上市,40.599998,40.900002,40.099998,40.099998,35000,1.0
2012-07-13,1903,1903.TW,上市,40.200001,40.25,39.599998,39.599998,45000,1.0
2012-07-16,1903,1903.TW,上市,39.799999,39.799999,39.700001,39.700001,21000,1.0
2012-07-17,1903,1903.TW,上市,39.799999,39.799999,39.400002,39.400002,34000,1.0
2012-07-18,1903,1903.TW,上市,39.5,39.5,39.299999,39.299999,18000,1.0
2012-07-19,1903,1903.TW,上市,39.599998,39.599998,39.25,39.299999,70000,1.0
2012-07-20,1903,1903.TW,上市,39.099998,39.599998,39.099998,39.599998,57000,1.0
2012-07-23,1903,1903.TW,上市,39.099998,39.349998,39.099998,39.099998,19000,1.0
2012-07-24,1903,1903.TW,上市,39.099998,39.25,38.900002,39.099998,117000,1.0
2012-07-25,1903,1903.TW,上市,39.5,39.5,39.099998,39.400002,15000,1.0
2012-07-26,1903,1903.TW,上市,39.299999,39.700001,39.299999,39.400002,65000,1.0
2012-07-27,1903,1903.TW,上市,39.950001,40.349998,39.5,40.150002,100000,1.0
2012-07-30,1903,1903.TW,上市,40.349998,40.849998,40.25,40.5,86000,1.0
2012-07-31,1903,1903.TW,上市,40.849998,40.900002,40.299999,40.900002,39000,1.0
2012-08-01,1903,1903.TW,上市,40.849998,41.200001,40.849998,41.0,55000,1.0
2012-08-02,1903,1903.TW,上市,41.0,41.0,41.0,41.0,0,1.0
2012-08-03,1903,1903.TW,上市,40.900002,41.0,40.0,40.299999,113000,1.0
2012-08-06,1903,1903.TW,上市,40.400002,40.599998,40.049999,40.599998,41000,1.0
2012-08-07,1903,1903.TW,上市,40.599998,40.599998,40.200001,40.5,12000,1.0
2012-08-08,1903,1903.TW,上市,40.900002,40.900002,40.200001,40.5,66000,1.0
2012-08-09,1903,1903.TW,上市,40.599998,41.599998,40.599998,41.549999,225000,1.0
2012-08-10,1903,1903.TW,上市,41.900002,41.950001,41.299999,41.299999,105000,1.0
2012-08-13,1903,1903.TW,上市,41.150002,41.5,41.0,41.299999,71000,1.0
2012-08-14,1903,1903.TW,上市,41.299999,42.299999,41.299999,42.099998,146000,1.0
2012-08-15,1903,1903.TW,上市,42.5,45.0,42.5,44.799999,1118000,1.0
2012-08-16,1903,1903.TW,上市,44.099998,45.799999,44.099998,45.099998,933000,1.0
2012-08-17,1903,1903.TW,上市,45.099998,47.299999,45.049999,46.200001,839000,1.0
2012-08-20,1903,1903.TW,上市,46.200001,46.700001,45.0,45.0,247000,1.0
2012-08-21,1903,1903.TW,上市,45.0,45.799999,45.0,45.0,238000,1.0
2012-08-22,1903,1903.TW,上市,45.0,45.0,44.450001,44.5,138000,1.0
2012-08-23,1903,1903.TW,上市,44.5,45.200001,44.200001,44.549999,146000,1.0
2012-08-24,1903,1903.TW,上市,44.549999,46.349998,44.450001,45.75,312000,1.0
2012-08-27,1903,1903.TW,上市,46.0,47.0,45.75,45.900002,194000,1.0
2012-08-28,1903,1903.TW,上市,46.0,46.299999,45.0,45.5,141000,1.0
2012-08-29,1903,1903.TW,上市,45.5,46.400002,45.5,45.599998,213000,1.0
2012-08-30,1903,1903.TW,上市,44.799999,45.700001,44.799999,45.299999,74000,1.0
2012-08-31,1903,1903.TW,上市,45.299999,46.5,45.299999,46.0,222000,1.0
2012-09-03,1903,1903.TW,上市,47.200001,49.200001,46.150002,49.200001,878000,1.0
2012-09-04,1903,1903.TW,上市,49.799999,52.599998,49.799999,50.599998,1510000,1.0
2012-09-05,1903,1903.TW,上市,50.5,51.599998,50.0,51.0,552000,1.0
2012-09-06,1903,1903.TW,上市,51.0,51.0,49.400002,49.5,404000,1.0
2012-09-07,1903,1903.TW,上市,50.200001,51.0,50.0,50.900002,516000,1.0
2012-09-10,1903,1903.TW,上市,51.5,54.400002,51.5,54.400002,969000,1.0
2012-09-11,1903,1903.TW,上市,55.299999,56.0,53.400002,54.200001,1421000,1.0
2012-09-12,1903,1903.TW,上市,54.900002,55.400002,53.799999,53.900002,654000,1.0
2012-09-13,1903,1903.TW,上市,53.900002,55.400002,53.900002,54.5,482000,1.0
2012-09-14,1903,1903.TW,上市,55.799999,56.099998,54.099998,54.5,886000,1.0
2012-09-17,1903,1903.TW,上市,55.400002,56.900002,55.200001,56.5,1017000,1.0
2012-09-18,1903,1903.TW,上市,56.0,56.400002,55.099998,55.5,369000,1.0
2012-09-19,1903,1903.TW,上市,55.900002,56.099998,55.0,55.5,580000,1.0
2012-09-20,1903,1903.TW,上市,55.5,56.299999,54.599998,56.0,457000,1.0
2012-09-21,1903,1903.TW,上市,56.299999,56.299999,55.200001,55.200001,532000,1.0
2012-09-24,1903,1903.TW,上市,56.0,57.700001,54.700001,57.0,1022000,1.0
2012-09-25,1903,1903.TW,上市,57.0,57.099998,55.0,55.700001,566000,1.0
2012-09-26,1903,1903.TW,上市,55.700001,55.700001,55.099998,55.700001,400000,1.0
2012-09-27,1903,1903.TW,上市,55.799999,56.299999,55.200001,55.400002,292000,1.0
2012-09-28,1903,1903.TW,上市,54.799999,56.299999,54.5,54.5,367000,1.0
2012-10-01,1903,1903.TW,上市,55.099998,58.299999,55.099998,57.5,1700000,1.0
2012-10-02,1903,1903.TW,上市,57.5,57.700001,56.599998,56.700001,638000,1.0
2012-10-03,1903,1903.TW,上市,56.700001,56.700001,55.299999,55.299999,371000,1.0
2012-10-04,1903,1903.TW,上市,55.0,55.0,52.700001,53.5,826000,1.0
2012-10-05,1903,1903.TW,上市,53.5,54.299999,53.200001,53.400002,344000,1.0
2012-10-08,1903,1903.TW,上市,53.400002,53.900002,51.5,51.799999,481000,1.0
2012-10-09,1903,1903.TW,上市,51.799999,52.5,50.599998,50.900002,362000,1.0
2012-10-11,1903,1903.TW,上市,50.799999,50.799999,49.400002,49.700001,358000,1.0
2012-10-12,1903,1903.TW,上市,50.099998,50.400002,49.0,49.400002,176000,1.0
2012-10-15,1903,1903.TW,上市,49.200001,49.5,48.700001,48.950001,80000,1.0
2012-10-16,1903,1903.TW,上市,48.950001,49.549999,48.950001,49.400002,169000,1.0
2012-10-17,1903,1903.TW,上市,49.700001,51.5,49.599998,50.599998,629000,1.0
2012-10-18,1903,1903.TW,上市,50.599998,50.700001,49.450001,49.799999,235000,1.0
2012-10-19,1903,1903.TW,上市,49.799999,49.799999,49.099998,49.150002,96000,1.0
2012-10-22,1903,1903.TW,上市,48.400002,50.0,48.400002,50.0,177000,1.0
2012-10-23,1903,1903.TW,上市,50.5,50.5,49.0,49.200001,152000,1.0
2012-10-24,1903,1903.TW,上市,48.400002,49.5,48.400002,48.700001,165000,1.0
2012-10-25,1903,1903.TW,上市,48.700001,49.400002,48.599998,48.599998,111000,1.0
2012-10-26,1903,1903.TW,上市,48.599998,48.599998,45.200001,45.200001,634000,1.0
2012-10-29,1903,1903.TW,上市,45.200001,45.650002,44.349998,45.0,296000,1.0
2012-10-30,1903,1903.TW,上市,45.799999,46.299999,44.650002,44.700001,170000,1.0
2012-10-31,1903,1903.TW,上市,44.900002,45.200001,44.400002,44.700001,56000,1.0
2012-11-01,1903,1903.TW,上市,44.700001,44.700001,43.099998,44.5,62000,1.0
2012-11-02,1903,1903.TW,上市,44.799999,47.0,44.799999,46.150002,288000,1.0
2012-11-05,1903,1903.TW,上市,46.0,46.0,45.200001,45.299999,86000,1.0
2012-11-06,1903,1903.TW,上市,45.950001,45.950001,45.049999,45.799999,68000,1.0
2012-11-07,1903,1903.TW,上市,45.799999,47.200001,45.799999,47.0,242000,1.0
2012-11-08,1903,1903.TW,上市,47.0,47.0,45.900002,46.849998,97000,1.0
2012-11-09,1903,1903.TW,上市,46.75,48.700001,46.0,48.049999,382000,1.0
2012-11-12,1903,1903.TW,上市,49.299999,49.599998,47.700001,49.349998,464000,1.0
2012-11-13,1903,1903.TW,上市,49.0,49.349998,48.200001,48.200001,217000,1.0
2012-11-14,1903,1903.TW,上市,48.200001,48.25,47.700001,47.900002,69000,1.0
2012-11-15,1903,1903.TW,上市,47.5,47.900002,47.0,47.049999,97000,1.0
2012-11-16,1903,1903.TW,上市,46.599998,47.900002,46.549999,46.549999,192000,1.0
2012-11-19,1903,1903.TW,上市,46.599998,46.950001,46.099998,46.25,153000,1.0
2012-11-20,1903,1903.TW,上市,46.599998,46.799999,46.0,46.25,68000,1.0
2012-11-21,1903,1903.TW,上市,46.700001,46.700001,45.200001,45.200001,160000,1.0
2012-11-22,1903,1903.TW,上市,45.299999,45.950001,45.099998,45.200001,92000,1.0
2012-11-23,1903,1903.TW,上市,45.799999,46.5,45.650002,46.450001,129000,1.0
2012-11-26,1903,1903.TW,上市,48.0,48.0,46.700001,47.150002,144000,1.0
2012-11-27,1903,1903.TW,上市,47.150002,47.5,46.549999,47.299999,128000,1.0
2012-11-28,1903,1903.TW,上市,47.299999,47.299999,46.700001,46.950001,71000,1.0
2012-11-29,1903,1903.TW,上市,47.049999,47.950001,47.0,47.5,160000,1.0
2012-11-30,1903,1903.TW,上市,47.799999,47.900002,47.299999,47.299999,125000,1.0
2012-12-03,1903,1903.TW,上市,47.5,48.450001,47.5,47.549999,162000,1.0
2012-12-04,1903,1903.TW,上市,47.400002,47.400002,46.349998,46.700001,717000,1.0
2012-12-05,1903,1903.TW,上市,46.700001,47.299999,46.599998,47.0,277000,1.0
2012-12-06,1903,1903.TW,上市,46.950001,50.200001,46.900002,48.799999,1513000,1.0
2012-12-07,1903,1903.TW,上市,48.5,49.0,47.700001,48.299999,336000,1.0
2012-12-10,1903,1903.TW,上市,48.0,48.5,47.25,47.25,228000,1.0
2012-12-11,1903,1903.TW,上市,47.0,47.400002,46.700001,47.0,136000,1.0
2012-12-12,1903,1903.TW,上市,47.900002,48.0,47.299999,47.900002,173000,1.0
2012-12-13,1903,1903.TW,上市,48.0,48.75,47.200001,48.299999,275000,1.0
2012-12-14,1903,1903.TW,上市,48.299999,48.299999,47.700001,47.700001,170000,1.0
2012-12-17,1903,1903.TW,上市,47.200001,48.200001,47.200001,47.599998,141000,1.0
2012-12-18,1903,1903.TW,上市,47.599998,48.099998,47.450001,47.849998,85000,1.0
2012-12-19,1903,1903.TW,上市,48.200001,48.200001,47.549999,47.549999,135000,1.0
2012-12-20,1903,1903.TW,上市,47.5,47.5,46.599998,46.650002,167000,1.0
2012-12-21,1903,1903.TW,上市,46.599998,47.099998,46.099998,46.5,117000,1.0
2012-12-24,1903,1903.TW,上市,46.849998,47.200001,46.5,46.75,158000,1.0
2012-12-25,1903,1903.TW,上市,46.75,47.700001,46.150002,47.599998,289000,1.0
2012-12-26,1903,1903.TW,上市,47.799999,48.0,47.400002,47.799999,142000,1.0
2012-12-27,1903,1903.TW,上市,47.200001,47.75,47.200001,47.400002,44000,1.0
2012-12-28,1903,1903.TW,上市,47.799999,48.299999,47.599998,47.650002,182000,1.0
2013-01-02,1903,1903.TW,上市,47.799999,48.400002,47.75,47.799999,173000,1.0
2013-01-03,1903,1903.TW,上市,48.0,49.799999,48.0,49.5,531000,1.0
2013-01-04,1903,1903.TW,上市,51.200001,52.900002,50.099998,50.299999,1861000,1.0
2013-01-07,1903,1903.TW,上市,50.299999,50.900002,49.150002,50.900002,552000,1.0
2013-01-08,1903,1903.TW,上市,51.5,51.5,49.700001,50.099998,310000,1.0
2013-01-09,1903,1903.TW,上市,50.0,50.5,49.5,50.400002,133000,1.0
2013-01-10,1903,1903.TW,上市,50.5,51.200001,50.5,50.700001,259000,1.0
2013-01-11,1903,1903.TW,上市,50.900002,52.400002,50.799999,51.5,566000,1.0
2013-01-14,1903,1903.TW,上市,51.299999,51.400002,50.5,50.799999,276000,1.0
2013-01-15,1903,1903.TW,上市,50.799999,51.0,49.599998,50.0,192000,1.0
2013-01-16,1903,1903.TW,上市,49.299999,49.700001,49.299999,49.299999,153000,1.0
2013-01-17,1903,1903.TW,上市,49.099998,49.5,46.099998,46.799999,299000,1.0
2013-01-18,1903,1903.TW,上市,47.299999,47.900002,47.299999,47.799999,91000,1.0
2013-01-21,1903,1903.TW,上市,47.799999,48.099998,47.200001,47.799999,77000,1.0
2013-01-22,1903,1903.TW,上市,48.0,48.0,47.700001,47.700001,83000,1.0
2013-01-23,1903,1903.TW,上市,47.799999,48.25,47.700001,48.200001,90000,1.0
2013-01-24,1903,1903.TW,上市,47.900002,47.900002,47.5,47.599998,66000,1.0
2013-01-25,1903,1903.TW,上市,47.5,47.599998,47.25,47.299999,169000,1.0
2013-01-28,1903,1903.TW,上市,47.299999,47.349998,46.900002,47.0,192000,1.0
2013-01-29,1903,1903.TW,上市,47.0,47.5,47.0,47.299999,37000,1.0
2013-01-30,1903,1903.TW,上市,47.599998,48.0,47.200001,47.900002,303000,1.0
2013-01-31,1903,1903.TW,上市,47.700001,47.900002,47.400002,47.900002,52000,1.0
2013-02-01,1903,1903.TW,上市,47.299999,48.200001,47.299999,47.799999,115000,1.0
2013-02-04,1903,1903.TW,上市,48.200001,48.799999,47.849998,48.099998,164000,1.0
2013-02-05,1903,1903.TW,上市,47.450001,47.849998,47.400002,47.400002,136000,1.0
2013-02-06,1903,1903.TW,上市,47.549999,48.299999,47.400002,47.75,138000,1.0
2013-02-18,1903,1903.TW,上市,48.099998,48.099998,47.5,47.5,74000,1.0
2013-02-19,1903,1903.TW,上市,47.200001,47.599998,47.200001,47.5,91000,1.0
2013-02-20,1903,1903.TW,上市,47.799999,48.849998,47.549999,48.849998,708000,1.0
2013-02-21,1903,1903.TW,上市,49.099998,49.200001,48.0,48.799999,187000,1.0
2013-02-22,1903,1903.TW,上市,48.099998,48.200001,47.799999,48.0,86000,1.0
2013-02-25,1903,1903.TW,上市,48.099998,48.099998,47.799999,47.849998,93000,1.0
2013-02-26,1903,1903.TW,上市,47.400002,47.799999,47.200001,47.200001,141000,1.0
2013-02-27,1903,1903.TW,上市,47.200001,48.299999,47.200001,48.299999,391000,1.0
2013-03-01,1903,1903.TW,上市,48.200001,48.799999,47.799999,48.700001,372000,1.0
2013-03-04,1903,1903.TW,上市,48.099998,48.400002,47.650002,47.75,314000,1.0
2013-03-05,1903,1903.TW,上市,47.450001,48.400002,47.450001,47.799999,140000,1.0
2013-03-06,1903,1903.TW,上市,48.0,48.0,47.599998,47.650002,105000,1.0
2013-03-07,1903,1903.TW,上市,47.650002,48.200001,47.650002,48.0,262000,1.0
2013-03-08,1903,1903.TW,上市,48.0,48.349998,47.900002,48.049999,74000,1.0
2013-03-11,1903,1903.TW,上市,47.700001,48.0,47.5,47.599998,334000,1.0
2013-03-12,1903,1903.TW,上市,47.5,47.799999,47.25,47.299999,83000,1.0
2013-03-13,1903,1903.TW,上市,47.299999,47.5,47.200001,47.5,109000,1.0
2013-03-14,1903,1903.TW,上市,47.25,47.700001,47.25,47.299999,52000,1.0
2013-03-15,1903,1903.TW,上市,47.400002,48.5,47.200001,48.200001,290000,1.0
2013-03-18,1903,1903.TW,上市,47.799999,47.799999,47.349998,47.349998,61000,1.0
2013-03-19,1903,1903.TW,上市,47.349998,47.900002,47.099998,47.099998,135000,1.0
2013-03-20,1903,1903.TW,上市,47.200001,47.700001,46.549999,47.099998,138000,1.0
2013-03-21,1903,1903.TW,上市,47.099998,47.099998,46.700001,46.700001,70000,1.0
2013-03-22,1903,1903.TW,上市,46.5,47.200001,46.200001,46.950001,78000,1.0
2013-03-25,1903,1903.TW,上市,47.0,47.299999,46.849998,46.950001,29000,1.0
2013-03-26,1903,1903.TW,上市,46.950001,47.150002,46.5,46.650002,36000,1.0
2013-03-27,1903,1903.TW,上市,46.700001,47.5,46.700001,47.5,106000,1.0
2013-03-28,1903,1903.TW,上市,47.0,47.150002,46.799999,46.799999,70000,1.0
2013-03-29,1903,1903.TW,上市,46.900002,47.099998,46.700001,46.799999,83000,1.0
2013-04-01,1903,1903.TW,上市,46.799999,46.799999,46.400002,46.5,59000,1.0
2013-04-02,1903,1903.TW,上市,46.5,46.799999,46.400002,46.5,42000,1.0
2013-04-03,1903,1903.TW,上市,46.5,46.799999,46.5,46.799999,74000,1.0
2013-04-08,1903,1903.TW,上市,45.5,46.599998,45.0,45.25,189000,1.0
2013-04-09,1903,1903.TW,上市,45.0,45.25,44.599998,45.25,94000,1.0
2013-04-10,1903,1903.TW,上市,45.25,45.5,44.599998,44.75,148000,1.0
2013-04-11,1903,1903.TW,上市,44.900002,45.0,44.75,44.75,88000,1.0
2013-04-12,1903,1903.TW,上市,45.299999,45.299999,44.75,44.799999,26000,1.0
2013-04-15,1903,1903.TW,上市,44.799999,44.799999,43.900002,44.0,52000,1.0
2013-04-16,1903,1903.TW,上市,42.299999,43.799999,42.299999,43.799999,57000,1.0
2013-04-17,1903,1903.TW,上市,43.799999,44.099998,43.5,43.599998,58000,1.0
2013-04-18,1903,1903.TW,上市,43.700001,44.299999,43.5,44.299999,78000,1.0
2013-04-19,1903,1903.TW,上市,43.5,44.25,43.5,43.75,123000,1.0
2013-04-22,1903,1903.TW,上市,43.75,44.200001,43.0,43.5,327000,1.0
2013-04-23,1903,1903.TW,上市,43.299999,43.700001,43.0,43.299999,113000,1.0
2013-04-24,1903,1903.TW,上市,43.599998,43.900002,43.599998,43.900002,90000,1.0
2013-04-25,1903,1903.TW,上市,43.900002,43.900002,43.299999,43.299999,73000,1.0
2013-04-26,1903,1903.TW,上市,43.099998,44.150002,43.099998,44.0,96000,1.0
2013-04-29,1903,1903.TW,上市,43.799999,44.099998,43.599998,44.0,34000,1.0
2013-04-30,1903,1903.TW,上市,44.0,44.0,43.5,43.900002,121000,1.0
2013-05-02,1903,1903.TW,上市,43.700001,44.200001,43.599998,43.599998,120000,1.0
2013-05-03,1903,1903.TW,上市,44.0,44.900002,44.0,44.5,154000,1.0
2013-05-06,1903,1903.TW,上市,44.5,44.650002,44.200001,44.200001,136000,1.0
2013-05-07,1903,1903.TW,上市,44.200001,44.400002,43.950001,44.099998,76000,1.0
2013-05-08,1903,1903.TW,上市,44.200001,44.200001,43.700001,44.0,100000,1.0
2013-05-09,1903,1903.TW,上市,44.5,44.5,44.150002,44.150002,87000,1.0
2013-05-10,1903,1903.TW,上市,44.150002,45.200001,44.150002,44.75,186000,1.0
2013-05-13,1903,1903.TW,上市,44.299999,44.5,44.0,44.400002,77000,1.0
2013-05-14,1903,1903.TW,上市,44.299999,44.299999,44.049999,44.150002,66000,1.0
2013-05-15,1903,1903.TW,上市,44.099998,45.049999,44.099998,45.0,274000,1.0
2013-05-16,1903,1903.TW,上市,45.099998,46.0,45.099998,45.599998,297000,1.0
2013-05-17,1903,1903.TW,上市,45.599998,48.400002,45.599998,47.5,687000,1.0
2013-05-20,1903,1903.TW,上市,47.5,47.900002,46.700001,47.0,158000,1.0
2013-05-21,1903,1903.TW,上市,47.0,47.650002,46.900002,47.200001,192000,1.0
2013-05-22,1903,1903.TW,上市,47.799999,48.400002,47.299999,48.0,376000,1.0
2013-05-23,1903,1903.TW,上市,48.5,49.700001,47.650002,47.700001,861000,1.0
2013-05-24,1903,1903.TW,上市,47.650002,48.0,46.599998,46.599998,240000,1.0
2013-05-27,1903,1903.TW,上市,46.950001,47.0,46.5,46.799999,164000,1.0
2013-05-28,1903,1903.TW,上市,46.799999,47.150002,46.75,46.799999,73000,1.0
2013-05-29,1903,1903.TW,上市,47.0,47.5,46.799999,47.299999,189000,1.0
2013-05-30,1903,1903.TW,上市,46.599998,47.400002,46.5,46.900002,135000,1.0
2013-05-31,1903,1903.TW,上市,46.900002,47.299999,46.599998,47.200001,214000,1.0
2013-06-03,1903,1903.TW,上市,46.700001,47.049999,46.700001,47.049999,94000,1.0
2013-06-04,1903,1903.TW,上市,47.299999,47.299999,46.799999,47.099998,79000,1.0
2013-06-05,1903,1903.TW,上市,47.099998,47.200001,46.599998,47.0,96000,1.0
2013-06-06,1903,1903.TW,上市,46.549999,46.900002,46.150002,46.200001,120000,1.0
2013-06-07,1903,1903.TW,上市,46.700001,47.200001,46.549999,46.599998,176000,1.0
2013-06-10,1903,1903.TW,上市,46.700001,46.700001,46.099998,46.099998,131000,1.0
2013-06-11,1903,1903.TW,上市,46.0,46.25,45.700001,45.700001,109000,1.0
2013-06-13,1903,1903.TW,上市,45.299999,45.299999,44.299999,44.400002,183000,1.0
2013-06-14,1903,1903.TW,上市,45.0,45.0,44.150002,44.5,118000,1.0
2013-06-17,1903,1903.TW,上市,44.650002,44.950001,44.650002,44.700001,27000,1.0
2013-06-18,1903,1903.TW,上市,44.700001,45.400002,44.599998,45.400002,32000,1.0
2013-06-19,1903,1903.TW,上市,45.400002,45.400002,44.599998,44.599998,33000,1.0
2013-06-20,1903,1903.TW,上市,44.799999,44.799999,44.0,44.049999,88000,1.0
2013-06-21,1903,1903.TW,上市,43.5,44.0,43.099998,43.900002,76000,1.0
2013-06-24,1903,1903.TW,上市,43.400002,43.900002,43.400002,43.900002,55000,1.0
2013-06-25,1903,1903.TW,上市,44.0,44.0,43.099998,43.200001,46000,1.0
2013-06-26,1903,1903.TW,上市,44.0,44.099998,43.299999,43.349998,47000,1.0
2013-06-27,1903,1903.TW,上市,43.400002,44.700001,43.400002,44.400002,169000,1.0
2013-06-28,1903,1903.TW,上市,44.400002,44.599998,44.0,44.25,90000,1.0
2013-07-01,1903,1903.TW,上市,44.299999,44.700001,44.049999,44.349998,54000,1.0
2013-07-02,1903,1903.TW,上市,44.349998,44.650002,44.099998,44.349998,53000,1.0
2013-07-03,1903,1903.TW,上市,44.349998,44.349998,43.950001,44.099998,39000,1.0
2013-07-04,1903,1903.TW,上市,44.0,44.0,43.799999,44.0,85000,1.0
2013-07-05,1903,1903.TW,上市,44.549999,44.799999,43.950001,44.049999,78000,1.0
2013-07-08,1903,1903.TW,上市,44.0,44.150002,43.900002,44.0,63000,1.0
2013-07-09,1903,1903.TW,上市,44.299999,44.5,43.900002,44.0,56000,1.0
2013-07-10,1903,1903.TW,上市,44.099998,44.200001,43.75,43.799999,68000,1.0
2013-07-11,1903,1903.TW,上市,44.099998,44.5,44.049999,44.299999,81000,1.0
2013-07-12,1903,1903.TW,上市,44.099998,44.200001,43.950001,44.200001,56000,1.0
2013-07-15,1903,1903.TW,上市,44.200001,44.75,44.099998,44.700001,46000,1.0
2013-07-16,1903,1903.TW,上市,44.700001,44.900002,44.549999,44.650002,47000,1.0
2013-07-17,1903,1903.TW,上市,44.599998,44.849998,44.599998,44.700001,35000,1.0
2013-07-18,1903,1903.TW,上市,44.400002,44.5,44.150002,44.200001,27000,1.0
2013-07-19,1903,1903.TW,上市,44.299999,44.599998,44.25,44.299999,44000,1.0
2013-07-22,1903,1903.TW,上市,44.299999,45.099998,44.099998,44.549999,136000,1.0
2013-07-23,1903,1903.TW,上市,44.900002,46.0,44.900002,45.75,210000,1.0
2013-07-24,1903,1903.TW,上市,46.0,46.150002,45.700001,45.700001,131000,1.0
2013-07-25,1903,1903.TW,上市,45.549999,45.950001,45.549999,45.700001,80000,1.0
2013-07-26,1903,1903.TW,上市,46.0,46.0,45.099998,45.099998,49000,1.0
2013-07-29,1903,1903.TW,上市,44.799999,45.099998,44.799999,44.799999,45000,1.0
2013-07-30,1903,1903.TW,上市,44.799999,45.299999,44.75,45.099998,59000,1.0
2013-07-31,1903,1903.TW,上市,45.099998,45.099998,44.700001,44.75,27000,1.0
2013-08-01,1903,1903.TW,上市,44.75,45.150002,44.75,44.849998,22000,1.0
2013-08-02,1903,1903.TW,上市,44.849998,45.400002,44.849998,45.400002,113000,1.0
2013-08-05,1903,1903.TW,上市,45.400002,45.599998,45.049999,45.599998,47000,1.0
2013-08-06,1903,1903.TW,上市,44.950001,45.0,44.400002,45.0,60000,1.0
2013-08-07,1903,1903.TW,上市,44.549999,45.299999,43.150002,43.599998,123000,1.0
2013-08-08,1903,1903.TW,上市,43.599998,44.299999,43.599998,44.0,18000,1.0
2013-08-09,1903,1903.TW,上市,43.5,44.0,43.5,43.75,94000,1.0
2013-08-12,1903,1903.TW,上市,43.75,44.0,43.75,43.799999,31000,1.0
2013-08-13,1903,1903.TW,上市,43.849998,44.400002,43.849998,44.0,46000,1.0
2013-08-14,1903,1903.TW,上市,44.0,44.0,43.900002,43.900002,22000,1.0
2013-08-15,1903,1903.TW,上市,43.700001,44.0,43.700001,43.799999,19000,1.0
2013-08-16,1903,1903.TW,上市,44.25,44.299999,44.0,44.049999,23000,1.0
2013-08-19,1903,1903.TW,上市,44.049999,44.400002,43.75,43.75,51000,1.0
2013-08-20,1903,1903.TW,上市,43.75,43.849998,43.200001,43.599998,86000,1.0
2013-08-22,1903,1903.TW,上市,43.599998,43.75,43.200001,43.700001,37000,1.0
2013-08-23,1903,1903.TW,上市,44.0,44.150002,43.75,43.75,19000,1.0
2013-08-26,1903,1903.TW,上市,43.75,43.950001,43.5,43.700001,40000,1.0
2013-08-27,1903,1903.TW,上市,43.799999,43.900002,43.700001,43.900002,27000,1.0
2013-08-28,1903,1903.TW,上市,43.700001,44.049999,43.700001,44.0,52000,1.0
2013-08-29,1903,1903.TW,上市,43.799999,44.0,43.75,44.0,23000,1.0
2013-08-30,1903,1903.TW,上市,44.299999,44.299999,43.700001,43.700001,40000,1.0
2013-09-02,1903,1903.TW,上市,44.0,44.25,44.0,44.25,33000,1.0
2013-09-03,1903,1903.TW,上市,44.25,44.849998,44.200001,44.450001,61000,1.0
2013-09-04,1903,1903.TW,上市,44.099998,44.5,44.0,44.450001,22000,1.0
2013-09-05,1903,1903.TW,上市,44.75,45.049999,44.599998,45.049999,94000,1.0
2013-09-06,1903,1903.TW,上市,45.049999,45.049999,44.650002,45.049999,27000,1.0
2013-09-09,1903,1903.TW,上市,45.0,45.450001,44.650002,45.200001,48000,1.0
2013-09-10,1903,1903.TW,上市,45.549999,45.599998,45.0,45.400002,54000,1.0
2013-09-11,1903,1903.TW,上市,45.0,45.099998,44.799999,44.900002,75000,1.0
2013-09-12,1903,1903.TW,上市,44.900002,45.0,44.75,44.900002,37000,1.0
2013-09-13,1903,1903.TW,上市,45.0,45.0,44.5,44.549999,22000,1.0
2013-09-16,1903,1903.TW,上市,44.950001,44.950001,44.5,44.950001,20000,1.0
2013-09-17,1903,1903.TW,上市,44.799999,44.900002,44.549999,44.549999,31000,1.0
2013-09-18,1903,1903.TW,上市,44.549999,44.700001,44.349998,44.5,34000,1.0
2013-09-23,1903,1903.TW,上市,45.0,45.349998,44.900002,45.299999,55000,1.0
2013-09-24,1903,1903.TW,上市,45.299999,45.299999,44.900002,45.299999,38000,1.0
2013-09-25,1903,1903.TW,上市,45.400002,45.650002,45.200001,45.5,130000,1.0
2013-09-26,1903,1903.TW,上市,45.099998,45.450001,44.849998,45.150002,50000,1.0
2013-09-27,1903,1903.TW,上市,44.799999,45.25,44.75,45.0,28000,1.0
2013-09-30,1903,1903.TW,上市,44.599998,44.900002,44.549999,44.549999,88000,1.0
2013-10-01,1903,1903.TW,上市,44.549999,45.0,44.400002,45.0,114000,1.0
2013-10-02,1903,1903.TW,上市,45.0,45.5,44.900002,45.0,132000,1.0
2013-10-03,1903,1903.TW,上市,45.200001,46.799999,45.150002,46.400002,361000,1.0
2013-10-04,1903,1903.TW,上市,46.099998,46.549999,45.799999,45.900002,153000,1.0
2013-10-07,1903,1903.TW,上市,46.700001,49.099998,46.700001,49.099998,1250000,1.0
2013-10-08,1903,1903.TW,上市,49.700001,51.5,49.0,49.0,1301000,1.0
2013-10-09,1903,1903.TW,上市,48.5,48.799999,47.400002,47.5,349000,1.0
2013-10-11,1903,1903.TW,上市,48.799999,48.799999,47.299999,47.299999,362000,1.0
2013-10-14,1903,1903.TW,上市,47.299999,48.099998,47.0,47.0,297000,1.0
2013-10-15,1903,1903.TW,上市,47.299999,48.700001,47.299999,48.0,478000,1.0
2013-10-16,1903,1903.TW,上市,48.400002,48.400002,47.599998,47.700001,96000,1.0
2013-10-17,1903,1903.TW,上市,48.400002,48.400002,47.599998,47.599998,143000,1.0
2013-10-18,1903,1903.TW,上市,47.700001,48.25,47.700001,48.25,267000,1.0
2013-10-21,1903,1903.TW,上市,48.849998,49.700001,48.299999,48.299999,317000,1.0
2013-10-22,1903,1903.TW,上市,48.0,48.0,47.5,47.950001,137000,1.0
2013-10-23,1903,1903.TW,上市,48.200001,48.349998,47.299999,47.299999,110000,1.0
2013-10-24,1903,1903.TW,上市,47.099998,47.700001,47.099998,47.25,69000,1.0
2013-10-25,1903,1903.TW,上市,47.700001,47.700001,46.099998,46.299999,209000,1.0
2013-10-28,1903,1903.TW,上市,46.5,46.799999,46.299999,46.799999,116000,1.0
2013-10-29,1903,1903.TW,上市,46.799999,47.400002,46.5,47.049999,113000,1.0
2013-10-30,1903,1903.TW,上市,47.5,47.700001,46.799999,47.200001,109000,1.0
2013-10-31,1903,1903.TW,上市,47.0,47.950001,46.549999,46.799999,123000,1.0
2013-11-01,1903,1903.TW,上市,46.799999,47.0,46.150002,46.299999,125000,1.0
2013-11-04,1903,1903.TW,上市,46.099998,46.299999,45.599998,45.599998,134000,1.0
2013-11-05,1903,1903.TW,上市,45.599998,46.099998,45.25,45.25,80000,1.0
2013-11-06,1903,1903.TW,上市,45.200001,46.25,45.200001,45.450001,104000,1.0
2013-11-07,1903,1903.TW,上市,46.0,46.299999,45.75,45.75,99000,1.0
2013-11-08,1903,1903.TW,上市,45.299999,46.0,45.299999,45.950001,62000,1.0
2013-11-11,1903,1903.TW,上市,46.0,46.0,45.400002,45.950001,94000,1.0
2013-11-12,1903,1903.TW,上市,46.0,46.0,45.299999,45.799999,119000,1.0
2013-11-13,1903,1903.TW,上市,45.299999,45.75,44.599998,45.099998,230000,1.0
2013-11-14,1903,1903.TW,上市,45.0,45.900002,44.900002,45.900002,169000,1.0
2013-11-15,1903,1903.TW,上市,46.0,46.700001,46.0,46.299999,90000,1.0
2013-11-18,1903,1903.TW,上市,46.799999,46.799999,46.349998,46.599998,74000,1.0
2013-11-19,1903,1903.TW,上市,46.200001,46.400002,46.150002,46.200001,40000,1.0
2013-11-20,1903,1903.TW,上市,46.0,46.299999,45.900002,46.0,39000,1.0
2013-11-21,1903,1903.TW,上市,46.0,46.0,45.5,45.5,24000,1.0
2013-11-22,1903,1903.TW,上市,45.599998,45.599998,45.200001,45.450001,78000,1.0
2013-11-25,1903,1903.TW,上市,46.0,46.0,45.400002,45.5,35000,1.0
2013-11-26,1903,1903.TW,上市,45.5,45.5,44.799999,45.5,200000,1.0
2013-11-27,1903,1903.TW,上市,45.450001,45.700001,45.450001,45.5,99000,1.0
2013-11-28,1903,1903.TW,上市,45.599998,46.200001,45.099998,46.099998,196000,1.0
2013-11-29,1903,1903.TW,上市,46.099998,46.5,46.099998,46.200001,95000,1.0
2013-12-02,1903,1903.TW,上市,46.450001,46.450001,46.0,46.099998,96000,1.0
2013-12-03,1903,1903.TW,上市,46.099998,46.099998,45.700001,45.700001,55000,1.0
2013-12-04,1903,1903.TW,上市,46.950001,47.0,46.299999,46.5,206000,1.0
2013-12-05,1903,1903.TW,上市,46.5,46.5,45.799999,46.0,125000,1.0
2013-12-06,1903,1903.TW,上市,46.0,46.0,45.849998,45.849998,70000,1.0
2013-12-09,1903,1903.TW,上市,46.0,46.200001,46.0,46.0,90000,1.0
2013-12-10,1903,1903.TW,上市,44.5,45.599998,44.5,45.5,117000,1.0
2013-12-11,1903,1903.TW,上市,45.5,46.450001,45.5,45.799999,119000,1.0
2013-12-12,1903,1903.TW,上市,45.5,45.5,45.0,45.400002,132000,1.0
2013-12-13,1903,1903.TW,上市,45.5,45.599998,45.400002,45.599998,61000,1.0
2013-12-16,1903,1903.TW,上市,45.849998,45.849998,45.299999,45.299999,18000,1.0
2013-12-17,1903,1903.TW,上市,45.299999,45.299999,44.900002,45.0,94000,1.0
2013-12-18,1903,1903.TW,上市,45.0,45.299999,44.900002,45.200001,57000,1.0
2013-12-19,1903,1903.TW,上市,45.200001,45.5,45.150002,45.25,36000,1.0
2013-12-20,1903,1903.TW,上市,45.349998,45.5,45.150002,45.400002,16000,1.0
2013-12-23,1903,1903.TW,上市,45.400002,45.450001,45.0,45.049999,58000,1.0
2013-12-24,1903,1903.TW,上市,45.049999,45.349998,44.900002,45.299999,46000,1.0
2013-12-25,1903,1903.TW,上市,45.099998,45.299999,44.900002,45.299999,68000,1.0
2013-12-26,1903,1903.TW,上市,45.450001,45.450001,45.0,45.099998,35000,1.0
2013-12-27,1903,1903.TW,上市,45.099998,45.599998,45.0,45.549999,70000,1.0
2013-12-30,1903,1903.TW,上市,45.549999,45.849998,45.299999,45.75,86000,1.0
2013-12-31,1903,1903.TW,上市,45.700001,46.0,45.700001,45.700001,121000,1.0
2014-01-02,1903,1903.TW,上市,46.5,47.75,46.5,47.299999,358000,1.0
2014-01-03,1903,1903.TW,上市,46.950001,47.049999,46.299999,46.700001,193000,1.0
2014-01-06,1903,1903.TW,上市,47.0,47.0,46.5,46.700001,85000,1.0
2014-01-07,1903,1903.TW,上市,46.700001,46.799999,46.400002,46.599998,113000,1.0
2014-01-08,1903,1903.TW,上市,46.599998,47.200001,46.599998,46.75,96000,1.0
2014-01-09,1903,1903.TW,上市,46.799999,47.0,46.5,46.900002,145000,1.0
2014-01-10,1903,1903.TW,上市,47.799999,47.799999,46.849998,47.25,134000,1.0
2014-01-13,1903,1903.TW,上市,47.599998,50.200001,47.599998,50.200001,977000,1.0
2014-01-14,1903,1903.TW,上市,49.049999,49.799999,48.5,49.049999,499000,1.0
2014-01-15,1903,1903.TW,上市,49.049999,49.049999,48.400002,48.450001,127000,1.0
2014-01-16,1903,1903.TW,上市,48.599998,49.0,47.700001,47.75,166000,1.0
2014-01-17,1903,1903.TW,上市,48.700001,48.700001,47.200001,47.25,99000,1.0
2014-01-20,1903,1903.TW,上市,47.25,47.299999,46.900002,47.099998,199000,1.0
2014-01-21,1903,1903.TW,上市,47.099998,47.099998,46.700001,47.099998,77000,1.0
2014-01-22,1903,1903.TW,上市,47.099998,47.400002,46.900002,47.0,61000,1.0
2014-01-23,1903,1903.TW,上市,47.0,47.099998,46.700001,46.75,39000,1.0
2014-01-24,1903,1903.TW,上市,46.75,47.299999,46.75,46.900002,31000,1.0
2014-01-27,1903,1903.TW,上市,46.400002,47.299999,46.400002,47.099998,65000,1.0
2014-02-05,1903,1903.TW,上市,46.200001,46.75,46.200001,46.75,91000,1.0
2014-02-06,1903,1903.TW,上市,46.650002,46.849998,46.299999,46.799999,154000,1.0
2014-02-07,1903,1903.TW,上市,46.799999,46.799999,46.549999,46.799999,93000,1.0
2014-02-10,1903,1903.TW,上市,47.299999,47.299999,46.599998,46.700001,78000,1.0
2014-02-11,1903,1903.TW,上市,46.700001,46.700001,46.400002,46.5,50000,1.0
2014-02-12,1903,1903.TW,上市,46.5,46.900002,46.5,46.799999,204000,1.0
2014-02-13,1903,1903.TW,上市,46.0,46.400002,45.799999,46.0,403000,1.0
2014-02-14,1903,1903.TW,上市,46.299999,46.299999,45.75,46.0,52000,1.0
2014-02-17,1903,1903.TW,上市,45.5,46.0,45.5,45.900002,76000,1.0
2014-02-18,1903,1903.TW,上市,45.900002,45.900002,45.450001,45.75,93000,1.0
2014-02-19,1903,1903.TW,上市,45.75,46.150002,45.75,46.099998,108000,1.0
2014-02-20,1903,1903.TW,上市,46.099998,46.299999,45.849998,45.849998,110000,1.0
2014-02-21,1903,1903.TW,上市,47.0,49.049999,45.900002,47.599998,506000,1.0
2014-02-24,1903,1903.TW,上市,47.0,47.599998,46.75,47.0,131000,1.0
2014-02-25,1903,1903.TW,上市,47.0,47.200001,46.849998,47.150002,86000,1.0
2014-02-26,1903,1903.TW,上市,46.799999,47.099998,46.599998,46.799999,209000,1.0
2014-02-27,1903,1903.TW,上市,47.450001,47.450001,46.799999,47.450001,110000,1.0
2014-03-03,1903,1903.TW,上市,47.450001,47.5,46.900002,47.0,58000,1.0
2014-03-04,1903,1903.TW,上市,46.700001,47.150002,46.5,46.650002,135000,1.0
2014-03-05,1903,1903.TW,上市,46.700001,47.0,46.450001,46.799999,246000,1.0
2014-03-06,1903,1903.TW,上市,46.799999,47.0,46.700001,46.75,77000,1.0
2014-03-07,1903,1903.TW,上市,46.900002,48.0,46.799999,47.299999,342000,1.0
2014-03-10,1903,1903.TW,上市,46.5,46.799999,46.5,46.549999,112000,1.0
2014-03-11,1903,1903.TW,上市,46.549999,46.75,46.200001,46.450001,99000,1.0
2014-03-12,1903,1903.TW,上市,46.25,46.450001,46.099998,46.150002,135000,1.0
2014-03-13,1903,1903.TW,上市,46.400002,46.700001,46.400002,46.549999,105000,1.0
2014-03-14,1903,1903.TW,上市,46.650002,46.650002,46.099998,46.099998,72000,1.0
2014-03-17,1903,1903.TW,上市,46.150002,46.150002,45.700001,46.049999,212000,1.0
2014-03-18,1903,1903.TW,上市,46.150002,46.25,45.75,45.75,105000,1.0
2014-03-19,1903,1903.TW,上市,45.75,45.900002,45.5,45.799999,63000,1.0
2014-03-20,1903,1903.TW,上市,45.799999,45.799999,45.099998,45.25,225000,1.0
2014-03-21,1903,1903.TW,上市,45.299999,45.700001,44.599998,44.650002,201000,1.0
2014-03-24,1903,1903.TW,上市,44.049999,44.549999,44.049999,44.200001,94000,1.0
2014-03-25,1903,1903.TW,上市,45.0,46.049999,45.0,45.400002,150000,1.0
2014-03-26,1903,1903.TW,上市,45.400002,45.400002,44.799999,45.25,87000,1.0
2014-03-27,1903,1903.TW,上市,45.25,45.25,44.849998,45.200001,77000,1.0
2014-03-28,1903,1903.TW,上市,44.799999,45.150002,44.799999,44.799999,138000,1.0
2014-03-31,1903,1903.TW,上市,44.799999,45.200001,44.799999,45.099998,139000,1.0
2014-04-01,1903,1903.TW,上市,44.700001,45.0,44.700001,44.900002,35000,1.0
2014-04-02,1903,1903.TW,上市,45.200001,45.200001,44.650002,44.700001,74000,1.0
2014-04-03,1903,1903.TW,上市,44.700001,44.799999,44.549999,44.599998,57000,1.0
2014-04-07,1903,1903.TW,上市,45.0,45.0,44.349998,44.599998,65000,1.0
2014-04-08,1903,1903.TW,上市,44.799999,44.799999,44.450001,44.5,36000,1.0
2014-04-09,1903,1903.TW,上市,44.5,44.849998,44.5,44.599998,52000,1.0
2014-04-10,1903,1903.TW,上市,45.0,45.299999,44.900002,44.900002,95000,1.0
2014-04-11,1903,1903.TW,上市,44.700001,44.700001,44.349998,44.700001,47000,1.0
2014-04-14,1903,1903.TW,上市,44.450001,44.700001,44.349998,44.650002,60000,1.0
2014-04-15,1903,1903.TW,上市,44.650002,44.650002,44.400002,44.5,64000,1.0
2014-04-16,1903,1903.TW,上市,44.5,45.299999,44.299999,45.299999,94000,1.0
2014-04-17,1903,1903.TW,上市,45.5,45.5,45.0,45.049999,42000,1.0
2014-04-18,1903,1903.TW,上市,45.049999,45.200001,44.75,44.75,53000,1.0
2014-04-21,1903,1903.TW,上市,44.75,45.0,44.700001,44.799999,32000,1.0
2014-04-22,1903,1903.TW,上市,44.799999,44.799999,44.299999,44.349998,89000,1.0
2014-04-23,1903,1903.TW,上市,44.299999,44.650002,43.400002,43.799999,252000,1.0
2014-04-24,1903,1903.TW,上市,43.799999,44.299999,43.450001,44.25,136000,1.0
2014-04-25,1903,1903.TW,上市,44.25,44.25,43.0,43.099998,154000,1.0
2014-04-28,1903,1903.TW,上市,42.099998,42.849998,42.099998,42.700001,91000,1.0
2014-04-29,1903,1903.TW,上市,44.0,44.0,42.900002,43.200001,40000,1.0
2014-04-30,1903,1903.TW,上市,43.0,43.599998,42.599998,42.700001,52000,1.0
2014-05-02,1903,1903.TW,上市,42.099998,42.799999,42.099998,42.450001,58000,1.0
2014-05-05,1903,1903.TW,上市,42.450001,42.599998,42.049999,42.099998,64000,1.0
2014-05-06,1903,1903.TW,上市,42.0,43.849998,42.0,43.700001,201000,1.0
2014-05-07,1903,1903.TW,上市,44.400002,44.400002,43.150002,43.700001,139000,1.0
2014-05-08,1903,1903.TW,上市,43.700001,43.700001,42.799999,43.049999,102000,1.0
2014-05-09,1903,1903.TW,上市,43.049999,43.299999,42.849998,42.849998,51000,1.0
2014-05-12,1903,1903.TW,上市,43.099998,43.099998,42.299999,42.5,46000,1.0
2014-05-13,1903,1903.TW,上市,42.900002,42.900002,42.099998,42.099998,83000,1.0
2014-05-14,1903,1903.TW,上市,42.700001,43.0,42.200001,42.5,57000,1.0
2014-05-15,1903,1903.TW,上市,42.0,42.049999,41.299999,41.900002,137000,1.0
2014-05-16,1903,1903.TW,上市,41.549999,41.849998,41.299999,41.599998,63000,1.0
2014-05-19,1903,1903.TW,上市,41.099998,41.549999,41.099998,41.200001,102000,1.0
2014-05-20,1903,1903.TW,上市,41.700001,41.950001,41.400002,41.900002,77000,1.0
2014-05-21,1903,1903.TW,上市,41.400002,41.700001,41.200001,41.200001,49000,1.0
2014-05-22,1903,1903.TW,上市,41.5,41.799999,41.25,41.799999,99000,1.0
2014-05-23,1903,1903.TW,上市,41.700001,41.849998,41.5,41.849998,61000,1.0
2014-05-26,1903,1903.TW,上市,42.5,42.75,42.0,42.700001,74000,1.0
2014-05-27,1903,1903.TW,上市,42.700001,42.700001,42.200001,42.5,25000,1.0
2014-05-28,1903,1903.TW,上市,42.599998,42.900002,42.200001,42.700001,38000,1.0
2014-05-29,1903,1903.TW,上市,42.75,42.75,42.150002,42.400002,45000,1.0
2014-05-30,1903,1903.TW,上市,42.849998,43.349998,42.549999,42.549999,125000,1.0
2014-06-03,1903,1903.TW,上市,42.599998,42.599998,41.400002,41.950001,82000,1.0
2014-06-04,1903,1903.TW,上市,41.75,41.849998,41.5,41.700001,86000,1.0
2014-06-05,1903,1903.TW,上市,41.799999,41.799999,41.450001,41.650002,121000,1.0
2014-06-06,1903,1903.TW,上市,41.599998,41.700001,41.299999,41.549999,138000,1.0
2014-06-09,1903,1903.TW,上市,41.549999,41.549999,41.25,41.5,116000,1.0
2014-06-10,1903,1903.TW,上市,41.099998,41.75,41.099998,41.599998,23000,1.0
2014-06-11,1903,1903.TW,上市,41.599998,41.799999,41.5,41.650002,60000,1.0
2014-06-12,1903,1903.TW,上市,41.650002,41.799999,41.549999,41.700001,60000,1.0
2014-06-13,1903,1903.TW,上市,41.5,41.549999,41.299999,41.299999,65000,1.0
2014-06-16,1903,1903.TW,上市,41.299999,41.400002,40.75,40.900002,311000,1.0
2014-06-17,1903,1903.TW,上市,41.150002,41.150002,40.599998,40.700001,93000,1.0
2014-06-18,1903,1903.TW,上市,40.849998,42.0,40.400002,41.950001,240000,1.0
2014-06-19,1903,1903.TW,上市,42.0,42.0,41.25,41.650002,98000,1.0
2014-06-20,1903,1903.TW,上市,41.349998,41.900002,41.200001,41.200001,36000,1.0
2014-06-23,1903,1903.TW,上市,41.299999,42.25,41.150002,41.75,182000,1.0
2014-06-24,1903,1903.TW,上市,42.400002,42.5,41.950001,41.950001,156000,1.0
2014-06-25,1903,1903.TW,上市,42.0,42.0,41.799999,42.0,32000,1.0
2014-06-26,1903,1903.TW,上市,42.0,42.150002,41.75,42.0,153000,1.0
2014-06-27,1903,1903.TW,上市,41.849998,42.299999,41.799999,42.099998,74000,1.0
2014-06-30,1903,1903.TW,上市,42.099998,42.5,42.0,42.450001,86000,1.0
2014-07-01,1903,1903.TW,上市,42.450001,42.5,42.099998,42.400002,42000,1.0
2014-07-02,1903,1903.TW,上市,42.400002,42.5,41.849998,42.25,104000,1.0
2014-07-03,1903,1903.TW,上市,41.900002,42.0,41.450001,41.799999,91000,1.0
2014-07-04,1903,1903.TW,上市,41.900002,41.900002,41.549999,41.599998,115000,1.0
2014-07-07,1903,1903.TW,上市,41.599998,44.5,41.599998,44.5,826000,1.0
2014-07-08,1903,1903.TW,上市,44.0,44.200001,43.25,43.25,215000,1.0
2014-07-09,1903,1903.TW,上市,43.25,43.700001,42.599998,42.900002,76000,1.0
2014-07-10,1903,1903.TW,上市,42.599998,43.0,42.599998,42.75,45000,1.0
2014-07-11,1903,1903.TW,上市,43.299999,43.299999,42.299999,42.5,133000,1.0
2014-07-14,1903,1903.TW,上市,42.700001,45.200001,42.700001,44.599998,463000,1.0
2014-07-15,1903,1903.TW,上市,44.599998,44.599998,43.0,43.950001,183000,1.0
2014-07-16,1903,1903.TW,上市,43.5,43.849998,43.200001,43.849998,78000,1.0
2014-07-17,1903,1903.TW,上市,43.849998,44.049999,43.299999,43.75,43000,1.0
2014-07-18,1903,1903.TW,上市,45.0,45.0,44.0,44.299999,117000,1.0
2014-07-21,1903,1903.TW,上市,44.5,46.799999,44.450001,46.099998,479000,1.0
2014-07-22,1903,1903.TW,上市,46.099998,46.099998,45.200001,45.849998,170000,1.0
2014-07-23,1903,1903.TW,上市,45.849998,45.849998,45.849998,45.849998,0,1.0
2014-07-24,1903,1903.TW,上市,46.099998,47.5,46.0,46.5,347000,1.0
2014-07-25,1903,1903.TW,上市,46.5,46.5,45.5,46.450001,134000,1.0
2014-07-28,1903,1903.TW,上市,46.450001,48.0,46.400002,47.5,471000,1.0
2014-07-29,1903,1903.TW,上市,47.400002,47.849998,46.799999,46.799999,177000,1.0
2014-07-30,1903,1903.TW,上市,46.849998,47.900002,46.799999,47.0,334000,1.0
2014-07-31,1903,1903.TW,上市,47.700001,47.700001,45.400002,45.700001,224000,1.0
2014-08-01,1903,1903.TW,上市,45.049999,45.900002,44.700001,45.450001,275000,1.0
2014-08-04,1903,1903.TW,上市,45.450001,45.5,44.849998,45.049999,133000,1.0
2014-08-05,1903,1903.TW,上市,45.0,45.099998,44.549999,44.799999,113000,1.0
2014-08-06,1903,1903.TW,上市,44.549999,44.650002,44.25,44.599998,117000,1.0
2014-08-07,1903,1903.TW,上市,44.599998,44.900002,44.5,44.799999,59000,1.0
2014-08-08,1903,1903.TW,上市,44.5,44.700001,44.0,44.700001,65000,1.0
2014-08-11,1903,1903.TW,上市,44.5,45.549999,44.5,45.549999,101000,1.0
2014-08-12,1903,1903.TW,上市,46.0,46.0,44.25,44.5,239000,1.0
2014-08-13,1903,1903.TW,上市,44.299999,45.0,44.299999,45.0,51000,1.0
2014-08-14,1903,1903.TW,上市,45.099998,45.099998,44.0,44.0,163000,1.0
2014-08-15,1903,1903.TW,上市,44.0,44.0,43.299999,43.400002,90000,1.0
2014-08-18,1903,1903.TW,上市,43.400002,43.400002,42.700001,42.799999,127000,1.0
2014-08-19,1903,1903.TW,上市,43.0,43.400002,42.900002,43.049999,65000,1.0
2014-08-20,1903,1903.TW,上市,43.200001,43.5,42.849998,42.849998,42000,1.0
2014-08-21,1903,1903.TW,上市,42.900002,43.400002,42.849998,43.25,89000,1.0
2014-08-22,1903,1903.TW,上市,43.299999,43.650002,43.25,43.599998,82000,1.0
2014-08-25,1903,1903.TW,上市,43.599998,43.650002,43.299999,43.450001,40000,1.0
2014-08-26,1903,1903.TW,上市,43.450001,44.400002,43.450001,44.0,78000,1.0
2014-08-27,1903,1903.TW,上市,44.400002,45.200001,44.400002,44.799999,178000,1.0
2014-08-28,1903,1903.TW,上市,44.799999,45.25,44.650002,45.25,51000,1.0
2014-08-29,1903,1903.TW,上市,45.0,45.400002,45.0,45.200001,77000,1.0
2014-09-01,1903,1903.TW,上市,45.200001,45.25,44.049999,44.75,147000,1.0
2014-09-02,1903,1903.TW,上市,44.200001,44.700001,44.200001,44.700001,21000,1.0
2014-09-03,1903,1903.TW,上市,44.400002,44.400002,44.150002,44.349998,35000,1.0
2014-09-04,1903,1903.TW,上市,44.150002,44.400002,43.799999,43.900002,44000,1.0
2014-09-05,1903,1903.TW,上市,44.0,44.299999,43.900002,44.0,41000,1.0
2014-09-09,1903,1903.TW,上市,43.799999,43.900002,43.549999,43.75,63000,1.0
2014-09-10,1903,1903.TW,上市,43.5,43.5,42.799999,43.200001,152000,1.0
2014-09-11,1903,1903.TW,上市,42.950001,43.200001,42.799999,43.200001,89000,1.0
2014-09-12,1903,1903.TW,上市,43.099998,43.450001,42.799999,43.450001,112000,1.0
2014-09-15,1903,1903.TW,上市,43.099998,43.299999,42.700001,43.299999,69000,1.0
2014-09-16,1903,1903.TW,上市,43.200001,43.349998,42.75,42.900002,97000,1.0
2014-09-17,1903,1903.TW,上市,43.099998,43.150002,42.349998,42.900002,168000,1.0
2014-09-18,1903,1903.TW,上市,43.200001,43.200001,42.599998,42.849998,51000,1.0
2014-09-19,1903,1903.TW,上市,42.799999,43.0,42.400002,42.400002,772000,1.0
2014-09-22,1903,1903.TW,上市,42.799999,42.799999,41.75,42.299999,196000,1.0
2014-09-23,1903,1903.TW,上市,41.799999,42.450001,41.799999,42.200001,77000,1.0
2014-09-24,1903,1903.TW,上市,41.900002,43.0,41.900002,42.75,93000,1.0
2014-09-25,1903,1903.TW,上市,42.5,42.75,41.900002,41.900002,103000,1.0
2014-09-26,1903,1903.TW,上市,41.700001,42.099998,41.5,41.5,134000,1.0
2014-09-29,1903,1903.TW,上市,41.5,42.099998,41.5,41.599998,109000,1.0
2014-09-30,1903,1903.TW,上市,41.650002,42.799999,41.5,42.450001,169000,1.0
2014-10-01,1903,1903.TW,上市,42.200001,42.400002,41.799999,41.849998,69000,1.0
2014-10-02,1903,1903.TW,上市,41.599998,41.849998,41.5,41.5,154000,1.0
2014-10-03,1903,1903.TW,上市,41.700001,41.900002,41.549999,41.599998,78000,1.0
2014-10-06,1903,1903.TW,上市,41.599998,41.950001,41.599998,41.700001,61000,1.0
2014-10-07,1903,1903.TW,上市,41.700001,41.75,40.900002,41.200001,142000,1.0
2014-10-08,1903,1903.TW,上市,41.049999,41.450001,41.0,41.0,82000,1.0
2014-10-09,1903,1903.TW,上市,41.099998,41.25,40.900002,40.900002,41000,1.0
2014-10-13,1903,1903.TW,上市,40.700001,41.099998,39.400002,39.75,181000,1.0
2014-10-14,1903,1903.TW,上市,39.200001,39.75,39.0,39.049999,205000,1.0
2014-10-15,1903,1903.TW,上市,39.049999,39.450001,39.049999,39.099998,125000,1.0
2014-10-16,1903,1903.TW,上市,38.900002,39.25,38.650002,39.25,139000,1.0
2014-10-17,1903,1903.TW,上市,39.299999,39.299999,38.200001,38.25,206000,1.0
2014-10-20,1903,1903.TW,上市,38.400002,39.200001,38.400002,39.200001,123000,1.0
2014-10-21,1903,1903.TW,上市,39.200001,39.200001,38.5,38.700001,45000,1.0
2014-10-22,1903,1903.TW,上市,39.299999,39.299999,38.700001,38.700001,75000,1.0
2014-10-23,1903,1903.TW,上市,38.650002,38.900002,38.0,38.700001,194000,1.0
2014-10-24,1903,1903.TW,上市,38.799999,38.799999,37.75,38.0,151000,1.0
2014-10-27,1903,1903.TW,上市,38.0,38.349998,37.25,37.25,226000,1.0
2014-10-28,1903,1903.TW,上市,37.650002,38.400002,37.650002,37.900002,151000,1.0
2014-10-29,1903,1903.TW,上市,38.049999,38.5,38.0,38.5,74000,1.0
2014-10-30,1903,1903.TW,上市,38.5,38.5,38.150002,38.400002,29000,1.0
2014-10-31,1903,1903.TW,上市,38.599998,39.400002,38.599998,39.200001,179000,1.0
2014-11-03,1903,1903.TW,上市,39.200001,39.25,38.650002,38.900002,72000,1.0
2014-11-04,1903,1903.TW,上市,38.900002,39.25,38.700001,38.950001,97000,1.0
2014-11-05,1903,1903.TW,上市,38.700001,38.900002,38.5,38.599998,109000,1.0
2014-11-06,1903,1903.TW,上市,38.599998,38.849998,38.049999,38.450001,181000,1.0
2014-11-07,1903,1903.TW,上市,38.150002,38.549999,38.150002,38.5,179000,1.0
2014-11-10,1903,1903.TW,上市,38.200001,38.700001,38.200001,38.299999,131000,1.0
2014-11-11,1903,1903.TW,上市,38.549999,38.549999,38.049999,38.049999,245000,1.0
2014-11-12,1903,1903.TW,上市,37.75,38.099998,37.049999,37.25,249000,1.0
2014-11-13,1903,1903.TW,上市,37.0,37.650002,37.0,37.049999,228000,1.0
2014-11-14,1903,1903.TW,上市,36.5,36.849998,36.25,36.400002,301000,1.0
2014-11-17,1903,1903.TW,上市,36.400002,36.400002,35.5,35.799999,446000,1.0
2014-11-18,1903,1903.TW,上市,35.900002,36.25,35.5,35.849998,110000,1.0
2014-11-19,1903,1903.TW,上市,35.849998,36.400002,35.799999,36.150002,89000,1.0
2014-11-20,1903,1903.TW,上市,36.0,36.349998,36.0,36.349998,60000,1.0
2014-11-21,1903,1903.TW,上市,36.349998,36.849998,36.349998,36.849998,58000,1.0
2014-11-24,1903,1903.TW,上市,37.099998,37.299999,37.0,37.049999,64000,1.0
2014-11-25,1903,1903.TW,上市,37.400002,37.400002,37.099998,37.099998,57000,1.0
2014-11-26,1903,1903.TW,上市,37.0,37.400002,36.900002,36.950001,63000,1.0
2014-11-27,1903,1903.TW,上市,37.0,37.200001,36.700001,36.950001,118000,1.0
2014-11-28,1903,1903.TW,上市,36.799999,37.299999,36.799999,37.0,42000,1.0
2014-12-01,1903,1903.TW,上市,36.299999,36.900002,36.0,36.849998,85000,1.0
2014-12-02,1903,1903.TW,上市,37.200001,37.700001,37.0,37.25,148000,1.0
2014-12-03,1903,1903.TW,上市,37.25,37.75,37.25,37.700001,121000,1.0
2014-12-04,1903,1903.TW,上市,37.5,37.700001,37.349998,37.599998,55000,1.0
2014-12-05,1903,1903.TW,上市,37.5,37.950001,37.5,37.799999,137000,1.0
2014-12-08,1903,1903.TW,上市,37.799999,39.900002,37.700001,38.650002,263000,1.0
2014-12-09,1903,1903.TW,上市,38.299999,38.799999,38.25,38.25,133000,1.0
2014-12-10,1903,1903.TW,上市,37.799999,38.700001,37.799999,38.599998,107000,1.0
2014-12-11,1903,1903.TW,上市,38.5,38.700001,38.299999,38.549999,105000,1.0
2014-12-12,1903,1903.TW,上市,38.5,39.200001,38.5,38.75,126000,1.0
2014-12-15,1903,1903.TW,上市,38.5,38.799999,38.150002,38.5,68000,1.0
2014-12-16,1903,1903.TW,上市,38.099998,39.200001,38.099998,38.75,108000,1.0
2014-12-17,1903,1903.TW,上市,38.5,39.200001,38.099998,38.200001,105000,1.0
2014-12-18,1903,1903.TW,上市,38.200001,38.599998,38.099998,38.099998,43000,1.0
2014-12-19,1903,1903.TW,上市,38.150002,38.5,37.799999,37.799999,128000,1.0
2014-12-22,1903,1903.TW,上市,37.799999,38.099998,37.799999,38.0,66000,1.0
2014-12-23,1903,1903.TW,上市,38.25,38.650002,38.200001,38.5,80000,1.0
2014-12-24,1903,1903.TW,上市,38.150002,38.75,38.150002,38.75,52000,1.0
2014-12-25,1903,1903.TW,上市,38.900002,38.950001,38.5,38.599998,99000,1.0
2014-12-26,1903,1903.TW,上市,38.549999,39.0,38.549999,39.0,47000,1.0
2014-12-29,1903,1903.TW,上市,39.200001,39.299999,38.700001,38.950001,51000,1.0
2014-12-30,1903,1903.TW,上市,38.799999,38.900002,38.400002,38.900002,99000,1.0
2014-12-31,1903,1903.TW,上市,39.200001,39.200001,38.5,38.549999,84000,1.0
2015-01-05,1903,1903.TW,上市,38.549999,38.799999,38.200001,38.200001,93000,1.0
2015-01-06,1903,1903.TW,上市,38.049999,38.099998,37.5,37.700001,90000,1.0
2015-01-07,1903,1903.TW,上市,37.799999,37.900002,37.5,37.599998,64000,1.0
2015-01-08,1903,1903.TW,上市,38.0,38.0,37.700001,37.75,48000,1.0
2015-01-09,1903,1903.TW,上市,37.799999,38.0,37.75,37.950001,47000,1.0
2015-01-12,1903,1903.TW,上市,38.299999,38.299999,37.549999,37.900002,40000,1.0
2015-01-13,1903,1903.TW,上市,37.799999,38.349998,37.799999,38.200001,53000,1.0
2015-01-14,1903,1903.TW,上市,38.049999,38.200001,37.799999,37.849998,60000,1.0
2015-01-15,1903,1903.TW,上市,37.799999,38.150002,37.75,37.799999,110000,1.0
2015-01-16,1903,1903.TW,上市,37.650002,37.650002,37.0,37.099998,141000,1.0
2015-01-19,1903,1903.TW,上市,37.150002,37.5,36.650002,36.700001,54000,1.0
2015-01-20,1903,1903.TW,上市,36.75,37.200001,36.75,37.099998,28000,1.0
2015-01-21,1903,1903.TW,上市,37.099998,37.299999,37.0,37.25,40000,1.0
2015-01-22,1903,1903.TW,上市,37.25,37.700001,37.200001,37.599998,132000,1.0
2015-01-23,1903,1903.TW,上市,37.599998,37.599998,37.299999,37.599998,40000,1.0
2015-01-26,1903,1903.TW,上市,37.200001,37.450001,37.099998,37.200001,99000,1.0
2015-01-27,1903,1903.TW,上市,37.299999,37.599998,37.150002,37.549999,38000,1.0
2015-01-28,1903,1903.TW,上市,37.549999,37.599998,37.099998,37.400002,74000,1.0
2015-01-29,1903,1903.TW,上市,37.0,37.450001,37.0,37.25,47000,1.0
2015-01-30,1903,1903.TW,上市,37.599998,37.599998,37.0,37.150002,44000,1.0
2015-02-02,1903,1903.TW,上市,36.950001,37.299999,36.849998,36.849998,26000,1.0
2015-02-03,1903,1903.TW,上市,37.299999,37.299999,36.799999,37.25,93000,1.0
2015-02-04,1903,1903.TW,上市,37.25,37.5,37.0,37.099998,24000,1.0
2015-02-05,1903,1903.TW,上市,37.099998,37.349998,37.0,37.349998,26000,1.0
2015-02-06,1903,1903.TW,上市,37.450001,37.450001,37.049999,37.099998,61000,1.0
2015-02-09,1903,1903.TW,上市,37.0,37.299999,37.0,37.0,32000,1.0
2015-02-10,1903,1903.TW,上市,36.799999,37.799999,36.799999,37.299999,52000,1.0
2015-02-11,1903,1903.TW,上市,37.200001,37.400002,37.0,37.049999,49000,1.0
2015-02-12,1903,1903.TW,上市,37.099998,37.299999,37.049999,37.299999,30000,1.0
2015-02-13,1903,1903.TW,上市,37.450001,38.200001,37.450001,37.900002,148000,1.0
2015-02-24,1903,1903.TW,上市,37.900002,37.900002,37.700001,37.700001,8000,1.0
2015-02-25,1903,1903.TW,上市,37.700001,38.0,37.700001,38.0,20000,1.0
2015-02-26,1903,1903.TW,上市,38.0,38.0,37.549999,37.549999,36000,1.0
2015-03-02,1903,1903.TW,上市,37.549999,37.549999,36.950001,37.099998,118000,1.0
2015-03-03,1903,1903.TW,上市,37.349998,37.349998,37.0,37.299999,34000,1.0
2015-03-04,1903,1903.TW,上市,37.299999,37.299999,37.0,37.25,21000,1.0
2015-03-05,1903,1903.TW,上市,37.200001,37.5,37.0,37.450001,45000,1.0
2015-03-06,1903,1903.TW,上市,37.299999,37.450001,37.200001,37.400002,16000,1.0
2015-03-09,1903,1903.TW,上市,37.299999,37.900002,37.299999,37.5,48000,1.0
2015-03-10,1903,1903.TW,上市,37.400002,37.599998,37.299999,37.400002,27000,1.0
2015-03-11,1903,1903.TW,上市,37.200001,37.200001,36.799999,37.099998,75000,1.0
2015-03-12,1903,1903.TW,上市,37.0,37.349998,37.0,37.299999,43000,1.0
2015-03-13,1903,1903.TW,上市,37.049999,37.349998,37.0,37.349998,12000,1.0
2015-03-16,1903,1903.TW,上市,37.349998,37.5,37.349998,37.400002,41000,1.0
2015-03-17,1903,1903.TW,上市,37.099998,37.400002,37.099998,37.150002,58000,1.0
2015-03-18,1903,1903.TW,上市,37.200001,37.25,37.0,37.25,50000,1.0
2015-03-19,1903,1903.TW,上市,37.25,37.25,37.0,37.049999,62000,1.0
2015-03-20,1903,1903.TW,上市,37.299999,37.299999,36.950001,37.099998,88000,1.0
2015-03-23,1903,1903.TW,上市,37.099998,37.400002,37.049999,37.200001,123000,1.0
2015-03-24,1903,1903.TW,上市,37.200001,37.25,37.099998,37.25,45000,1.0
2015-03-25,1903,1903.TW,上市,37.150002,37.200001,36.950001,37.200001,32000,1.0
2015-03-26,1903,1903.TW,上市,37.200001,37.5,37.0,37.450001,80000,1.0
2015-03-27,1903,1903.TW,上市,37.549999,37.549999,37.25,37.5,78000,1.0
2015-03-30,1903,1903.TW,上市,37.700001,37.700001,37.25,37.5,78000,1.0
2015-03-31,1903,1903.TW,上市,37.5,37.700001,37.299999,37.549999,32000,1.0
2015-04-01,1903,1903.TW,上市,37.200001,37.400002,37.200001,37.200001,11000,1.0
2015-04-02,1903,1903.TW,上市,37.0,37.150002,37.0,37.150002,44000,1.0
2015-04-07,1903,1903.TW,上市,37.0,37.299999,37.0,37.200001,30000,1.0
2015-04-08,1903,1903.TW,上市,37.099998,37.25,37.0,37.049999,26000,1.0
2015-04-09,1903,1903.TW,上市,37.049999,37.200001,36.950001,36.950001,42000,1.0
2015-04-10,1903,1903.TW,上市,37.0,37.049999,36.900002,37.0,27000,1.0
2015-04-13,1903,1903.TW,上市,36.849998,37.349998,36.849998,37.299999,93000,1.0
2015-04-14,1903,1903.TW,上市,37.25,37.299999,37.099998,37.200001,35000,1.0
2015-04-15,1903,1903.TW,上市,37.299999,37.299999,36.799999,36.799999,92000,1.0
2015-04-16,1903,1903.TW,上市,36.799999,37.099998,36.599998,36.849998,99000,1.0
2015-04-17,1903,1903.TW,上市,36.549999,37.0,36.549999,36.900002,62000,1.0
2015-04-20,1903,1903.TW,上市,36.799999,36.900002,36.5,36.799999,43000,1.0
2015-04-21,1903,1903.TW,上市,37.0,37.0,36.349998,36.349998,54000,1.0
2015-04-22,1903,1903.TW,上市,36.599998,36.599998,35.650002,36.150002,146000,1.0
2015-04-23,1903,1903.TW,上市,36.5,37.0,36.299999,36.900002,125000,1.0
2015-04-24,1903,1903.TW,上市,36.700001,38.0,36.700001,37.700001,159000,1.0
2015-04-27,1903,1903.TW,上市,38.0,38.150002,37.5,37.900002,141000,1.0
2015-04-28,1903,1903.TW,上市,37.799999,38.0,37.400002,38.0,69000,1.0
2015-04-29,1903,1903.TW,上市,37.900002,39.700001,37.799999,39.0,377000,1.0
2015-04-30,1903,1903.TW,上市,39.349998,39.5,38.349998,39.400002,153000,1.0
2015-05-04,1903,1903.TW,上市,39.599998,39.599998,39.299999,39.5,110000,1.0
2015-05-05,1903,1903.TW,上市,39.400002,39.400002,38.75,38.799999,111000,1.0
2015-05-06,1903,1903.TW,上市,38.599998,38.950001,38.599998,38.849998,101000,1.0
2015-05-07,1903,1903.TW,上市,38.900002,38.900002,38.700001,38.849998,72000,1.0
2015-05-08,1903,1903.TW,上市,38.799999,39.200001,38.599998,38.950001,89000,1.0
2015-05-11,1903,1903.TW,上市,39.0,39.400002,38.599998,38.599998,111000,1.0
2015-05-12,1903,1903.TW,上市,38.599998,39.099998,38.599998,38.849998,55000,1.0
2015-05-13,1903,1903.TW,上市,39.0,39.0,38.599998,38.849998,44000,1.0
2015-05-14,1903,1903.TW,上市,38.5,38.75,38.200001,38.650002,24000,1.0
2015-05-15,1903,1903.TW,上市,38.650002,38.650002,38.049999,38.5,53000,1.0
2015-05-18,1903,1903.TW,上市,38.5,38.75,37.5,37.5,88000,1.0
2015-05-19,1903,1903.TW,上市,39.0,39.0,38.0,38.25,113000,1.0
2015-05-20,1903,1903.TW,上市,38.299999,38.450001,37.849998,38.200001,100000,1.0
2015-05-21,1903,1903.TW,上市,37.900002,37.900002,37.099998,37.450001,98000,1.0
2015-05-22,1903,1903.TW,上市,37.049999,37.400002,37.0,37.25,54000,1.0
2015-05-25,1903,1903.TW,上市,37.0,37.0,36.0,36.549999,141000,1.0
2015-05-26,1903,1903.TW,上市,36.549999,36.950001,36.5,36.75,31000,1.0
2015-05-27,1903,1903.TW,上市,36.5,36.799999,36.5,36.650002,26000,1.0
2015-05-28,1903,1903.TW,上市,36.5,36.900002,36.5,36.900002,41000,1.0
2015-05-29,1903,1903.TW,上市,36.400002,37.099998,36.200001,36.700001,193000,1.0
2015-06-01,1903,1903.TW,上市,36.5,37.099998,36.299999,37.099998,42000,1.0
2015-06-02,1903,1903.TW,上市,37.0,37.099998,36.5,36.849998,41000,1.0
2015-06-03,1903,1903.TW,上市,37.049999,37.049999,36.450001,36.5,125000,1.0
2015-06-04,1903,1903.TW,上市,36.900002,36.900002,35.400002,35.549999,110000,1.0
2015-06-05,1903,1903.TW,上市,36.049999,36.049999,35.0,35.299999,178000,1.0
2015-06-08,1903,1903.TW,上市,35.299999,35.599998,35.049999,35.349998,57000,1.0
2015-06-09,1903,1903.TW,上市,35.349998,35.450001,34.599998,34.700001,127000,1.0
2015-06-10,1903,1903.TW,上市,35.450001,35.5,34.900002,35.25,52000,1.0
2015-06-11,1903,1903.TW,上市,34.849998,35.5,34.5,35.5,61000,1.0
2015-06-12,1903,1903.TW,上市,35.450001,35.450001,34.900002,35.200001,30000,1.0
2015-06-15,1903,1903.TW,上市,35.0,35.25,34.650002,35.099998,38000,1.0
2015-06-16,1903,1903.TW,上市,35.099998,35.25,34.75,35.099998,30000,1.0
2015-06-17,1903,1903.TW,上市,34.75,35.200001,34.450001,35.0,189000,1.0
2015-06-18,1903,1903.TW,上市,34.650002,34.75,34.5,34.599998,65000,1.0
2015-06-22,1903,1903.TW,上市,34.5,35.049999,34.5,35.049999,61000,1.0
2015-06-23,1903,1903.TW,上市,35.049999,35.150002,35.049999,35.099998,29000,1.0
2015-06-24,1903,1903.TW,上市,35.099998,35.150002,35.049999,35.049999,16000,1.0
2015-06-25,1903,1903.TW,上市,35.049999,35.200001,35.049999,35.150002,25000,1.0
2015-06-26,1903,1903.TW,上市,34.900002,34.950001,34.799999,34.849998,25000,1.0
2015-06-29,1903,1903.TW,上市,32.849998,33.950001,32.849998,33.5,418000,1.0
2015-06-30,1903,1903.TW,上市,33.099998,34.5,33.099998,33.950001,86000,1.0
2015-07-01,1903,1903.TW,上市,34.5,34.5,33.549999,33.700001,37000,1.0
2015-07-02,1903,1903.TW,上市,33.700001,34.0,33.599998,33.700001,55000,1.0
2015-07-03,1903,1903.TW,上市,33.5,34.299999,33.0,34.200001,88000,1.0
2015-07-06,1903,1903.TW,上市,33.400002,33.5,33.0,33.0,125000,1.0
2015-07-07,1903,1903.TW,上市,33.049999,33.299999,32.599998,33.299999,66000,1.0
2015-07-08,1903,1903.TW,上市,33.400002,33.400002,32.599998,32.900002,131000,1.0
2015-07-09,1903,1903.TW,上市,32.599998,32.849998,32.200001,32.75,69000,1.0
2015-07-10,1903,1903.TW,上市,32.75,32.75,32.75,32.75,0,1.0
2015-07-13,1903,1903.TW,上市,32.75,33.400002,32.75,32.950001,24000,1.0
2015-07-14,1903,1903.TW,上市,32.0,33.299999,32.0,32.900002,75000,1.0
2015-07-15,1903,1903.TW,上市,32.200001,32.950001,32.200001,32.299999,66000,1.0
2015-07-16,1903,1903.TW,上市,32.299999,32.599998,32.049999,32.599998,40000,1.0
2015-07-17,1903,1903.TW,上市,32.599998,33.450001,32.599998,32.849998,63000,1.0
2015-07-20,1903,1903.TW,上市,32.700001,33.450001,32.700001,32.849998,56000,1.0
2015-07-21,1903,1903.TW,上市,32.299999,33.0,32.200001,32.200001,20000,1.0
2015-07-22,1903,1903.TW,上市,32.049999,32.299999,31.9,31.9,64000,1.0
2015-07-23,1903,1903.TW,上市,31.9,32.75,31.25,31.5,46000,1.0
2015-07-24,1903,1903.TW,上市,31.5,31.5,31.0,31.299999,48000,1.0
2015-07-27,1903,1903.TW,上市,31.299999,32.049999,30.799999,30.799999,111000,1.0
2015-07-28,1903,1903.TW,上市,32.450001,32.450001,30.200001,30.700001,98000,1.0
2015-07-29,1903,1903.TW,上市,30.1,30.700001,30.1,30.6,75000,1.0
2015-07-30,1903,1903.TW,上市,30.299999,31.5,30.299999,30.9,124000,1.0
2015-07-31,1903,1903.TW,上市,30.6,31.299999,30.6,31.299999,30000,1.0
2015-08-03,1903,1903.TW,上市,30.5,31.25,29.700001,29.700001,83000,1.0
2015-08-04,1903,1903.TW,上市,29.700001,30.5,29.5,29.5,49000,1.0
2015-08-05,1903,1903.TW,上市,29.5,30.4,29.5,30.1,145000,1.0
2015-08-06,1903,1903.TW,上市,30.1,30.5,30.0,30.0,25000,1.0
2015-08-07,1903,1903.TW,上市,29.6,30.6,29.6,30.549999,49000,1.0
2015-08-10,1903,1903.TW,上市,30.0,30.5,30.0,30.15,4000,1.0
2015-08-11,1903,1903.TW,上市,30.0,30.549999,30.0,30.15,76000,1.0
2015-08-12,1903,1903.TW,上市,30.0,30.299999,29.6,30.1,17000,1.0
2015-08-13,1903,1903.TW,上市,30.0,30.1,29.799999,30.1,51000,1.0
2015-08-14,1903,1903.TW,上市,30.25,30.25,29.9,30.200001,35000,1.0
2015-08-17,1903,1903.TW,上市,29.85,30.299999,29.85,29.950001,10000,1.0
2015-08-18,1903,1903.TW,上市,29.799999,30.1,29.700001,29.950001,31000,1.0
2015-08-19,1903,1903.TW,上市,29.700001,29.700001,28.0,28.35,175000,1.0
2015-08-20,1903,1903.TW,上市,28.35,29.5,28.299999,28.4,63000,1.0
2015-08-21,1903,1903.TW,上市,28.200001,28.200001,26.299999,26.75,127000,1.0
2015-08-24,1903,1903.TW,上市,25.799999,26.0,24.35,24.799999,397000,1.0
2015-08-25,1903,1903.TW,上市,24.0,25.9,24.0,24.85,143000,1.0
2015-08-26,1903,1903.TW,上市,24.9,25.450001,24.5,25.450001,78000,1.0
2015-08-27,1903,1903.TW,上市,24.9,26.5,24.9,25.6,114000,1.0
2015-08-28,1903,1903.TW,上市,25.950001,26.6,25.85,26.6,68000,1.0
2015-08-31,1903,1903.TW,上市,26.6,27.25,26.200001,26.65,72000,1.0
2015-09-01,1903,1903.TW,上市,26.6,27.0,26.6,27.0,71000,1.0
2015-09-02,1903,1903.TW,上市,26.75,27.0,26.35,27.0,50000,1.0
2015-09-03,1903,1903.TW,上市,27.200001,27.700001,26.75,27.700001,79000,1.0
2015-09-04,1903,1903.TW,上市,27.200001,27.9,27.200001,27.65,57000,1.0
2015-09-07,1903,1903.TW,上市,27.35,28.0,27.35,27.9,44000,1.0
2015-09-08,1903,1903.TW,上市,27.9,28.4,27.9,28.4,67000,1.0
2015-09-09,1903,1903.TW,上市,28.799999,29.0,28.450001,28.950001,167000,1.0
2015-09-10,1903,1903.TW,上市,28.5,28.799999,28.4,28.6,29000,1.0
2015-09-11,1903,1903.TW,上市,28.35,28.700001,28.299999,28.700001,32000,1.0
2015-09-14,1903,1903.TW,上市,28.4,28.65,28.200001,28.65,87000,1.0
2015-09-15,1903,1903.TW,上市,28.5,30.0,28.5,29.700001,127000,1.0
2015-09-16,1903,1903.TW,上市,29.9,29.9,29.5,29.75,74000,1.0
2015-09-17,1903,1903.TW,上市,29.950001,30.15,29.799999,30.1,70000,1.0
2015-09-18,1903,1903.TW,上市,30.1,30.6,29.6,30.6,51000,1.0
2015-09-21,1903,1903.TW,上市,29.799999,30.299999,29.6,30.15,81000,1.0
2015-09-22,1903,1903.TW,上市,30.200001,30.549999,30.0,30.25,51000,1.0
2015-09-23,1903,1903.TW,上市,30.0,30.200001,29.700001,30.200001,46000,1.0
2015-09-24,1903,1903.TW,上市,30.5,30.5,29.5,29.5,89000,1.0
2015-09-25,1903,1903.TW,上市,29.4,29.700001,29.4,29.700001,35000,1.0
2015-09-29,1903,1903.TW,上市,29.700001,29.700001,29.700001,29.700001,0,1.0
2015-09-30,1903,1903.TW,上市,29.700001,29.700001,29.700001,29.700001,4000,1.0
2015-10-01,1903,1903.TW,上市,29.450001,30.0,29.450001,30.0,51000,1.0
2015-10-02,1903,1903.TW,上市,30.200001,30.299999,29.799999,30.200001,41000,1.0
2015-10-05,1903,1903.TW,上市,30.0,30.200001,29.950001,30.200001,35000,1.0
2015-10-06,1903,1903.TW,上市,30.200001,30.4,30.1,30.200001,36000,1.0
2015-10-07,1903,1903.TW,上市,30.700001,30.85,30.299999,30.799999,114000,1.0
2015-10-08,1903,1903.TW,上市,30.799999,30.9,29.700001,30.1,91000,1.0
2015-10-12,1903,1903.TW,上市,30.0,30.1,29.65,30.1,50000,1.0
2015-10-13,1903,1903.TW,上市,30.0,30.25,30.0,30.25,20000,1.0
2015-10-14,1903,1903.TW,上市,30.5,30.5,30.0,30.299999,40000,1.0
2015-10-15,1903,1903.TW,上市,30.299999,30.9,30.299999,30.700001,126000,1.0
2015-10-16,1903,1903.TW,上市,30.700001,30.700001,30.299999,30.700001,27000,1.0
2015-10-19,1903,1903.TW,上市,31.0,31.25,30.450001,31.0,74000,1.0
2015-10-20,1903,1903.TW,上市,30.6,31.0,30.6,31.0,19000,1.0
2015-10-21,1903,1903.TW,上市,31.5,31.5,30.799999,31.0,57000,1.0
2015-10-22,1903,1903.TW,上市,30.450001,31.15,30.450001,30.65,97000,1.0
2015-10-23,1903,1903.TW,上市,30.6,30.9,30.5,30.9,27000,1.0
2015-10-26,1903,1903.TW,上市,31.200001,31.200001,30.65,31.1,84000,1.0
2015-10-27,1903,1903.TW,上市,31.0,31.200001,30.799999,31.0,71000,1.0
2015-10-28,1903,1903.TW,上市,30.75,31.0,30.700001,31.0,20000,1.0
2015-10-29,1903,1903.TW,上市,30.700001,31.0,30.6,31.0,13000,1.0
2015-10-30,1903,1903.TW,上市,30.6,30.799999,30.0,30.5,107000,1.0
2015-11-02,1903,1903.TW,上市,30.200001,30.700001,30.200001,30.6,17000,1.0
2015-11-03,1903,1903.TW,上市,30.75,30.75,30.700001,30.700001,8000,1.0
2015-11-04,1903,1903.TW,上市,30.799999,31.85,30.799999,31.25,104000,1.0
2015-11-05,1903,1903.TW,上市,31.25,31.25,30.700001,31.0,28000,1.0
2015-11-06,1903,1903.TW,上市,31.0,31.0,30.299999,30.5,100000,1.0
2015-11-09,1903,1903.TW,上市,30.700001,30.799999,30.0,30.049999,40000,1.0
2015-11-10,1903,1903.TW,上市,29.9,30.4,29.9,30.299999,25000,1.0
2015-11-11,1903,1903.TW,上市,29.700001,30.200001,29.700001,30.200001,41000,1.0
2015-11-12,1903,1903.TW,上市,29.799999,30.1,29.799999,29.85,57000,1.0
2015-11-13,1903,1903.TW,上市,29.700001,30.299999,29.700001,29.799999,48000,1.0
2015-11-16,1903,1903.TW,上市,29.700001,29.700001,29.299999,29.6,34000,1.0
2015-11-17,1903,1903.TW,上市,29.9,29.9,29.9,29.9,1000,1.0
2015-11-18,1903,1903.TW,上市,29.9,29.9,29.299999,29.9,51000,1.0
2015-11-19,1903,1903.TW,上市,29.9,30.35,29.5,30.1,34000,1.0
2015-11-20,1903,1903.TW,上市,30.200001,30.200001,30.200001,30.200001,1000,1.0
2015-11-23,1903,1903.TW,上市,30.450001,30.450001,29.950001,30.200001,38000,1.0
2015-11-24,1903,1903.TW,上市,29.799999,30.5,29.65,29.950001,32000,1.0
2015-11-25,1903,1903.TW,上市,29.450001,30.0,29.450001,29.6,12000,1.0
2015-11-26,1903,1903.TW,上市,29.799999,30.0,29.6,29.75,57000,1.0
2015-11-27,1903,1903.TW,上市,29.4,30.0,29.25,29.5,20000,1.0
2015-11-30,1903,1903.TW,上市,29.4,29.799999,28.700001,28.700001,128000,1.0
2015-12-01,1903,1903.TW,上市,29.299999,29.5,29.1,29.1,19000,1.0
2015-12-02,1903,1903.TW,上市,29.0,29.799999,29.0,29.450001,94000,1.0
2015-12-03,1903,1903.TW,上市,29.6,29.950001,29.6,29.700001,33000,1.0
2015-12-04,1903,1903.TW,上市,29.75,29.950001,29.549999,29.950001,29000,1.0
2015-12-07,1903,1903.TW,上市,29.950001,30.299999,29.9,30.049999,45000,1.0
2015-12-08,1903,1903.TW,上市,30.4,30.4,29.9,30.25,25000,1.0
2015-12-09,1903,1903.TW,上市,30.25,30.25,29.6,30.0,24000,1.0
2015-12-10,1903,1903.TW,上市,30.0,30.0,29.15,29.85,94000,1.0
2015-12-11,1903,1903.TW,上市,29.950001,30.1,29.700001,30.0,34000,1.0
2015-12-14,1903,1903.TW,上市,29.200001,30.200001,29.15,30.0,37000,1.0
2015-12-15,1903,1903.TW,上市,30.200001,30.200001,29.65,29.9,27000,1.0
2015-12-16,1903,1903.TW,上市,30.0,30.25,29.9,30.1,38000,1.0
2015-12-17,1903,1903.TW,上市,30.0,30.6,29.799999,30.6,104000,1.0
2015-12-18,1903,1903.TW,上市,30.25,30.4,30.0,30.299999,47000,1.0
2015-12-21,1903,1903.TW,上市,30.25,30.549999,30.200001,30.200001,18000,1.0
2015-12-22,1903,1903.TW,上市,30.0,30.450001,29.950001,30.35,31000,1.0
2015-12-23,1903,1903.TW,上市,30.1,30.35,30.1,30.35,8000,1.0
2015-12-24,1903,1903.TW,上市,30.450001,30.450001,30.15,30.299999,36000,1.0
2015-12-25,1903,1903.TW,上市,30.0,30.5,30.0,30.299999,44000,1.0
2015-12-28,1903,1903.TW,上市,30.450001,30.549999,30.0,30.5,58000,1.0
2015-12-29,1903,1903.TW,上市,30.85,30.85,30.200001,30.6,24000,1.0
2015-12-30,1903,1903.TW,上市,30.5,31.15,30.35,31.1,37000,1.0
2015-12-31,1903,1903.TW,上市,31.200001,31.200001,30.5,30.9,62000,1.0
2016-01-04,1903,1903.TW,上市,30.450001,30.5,30.0,30.049999,37000,1.0
2016-01-05,1903,1903.TW,上市,30.049999,30.299999,29.700001,29.85,99000,1.0
2016-01-06,1903,1903.TW,上市,29.6,30.0,29.6,30.0,16000,1.0
2016-01-07,1903,1903.TW,上市,29.299999,29.950001,29.0,29.5,57000,1.0
2016-01-08,1903,1903.TW,上市,29.5,29.65,29.4,29.4,19000,1.0
2016-01-11,1903,1903.TW,上市,29.4,29.549999,28.799999,29.5,35000,1.0
2016-01-12,1903,1903.TW,上市,29.799999,29.799999,29.0,29.049999,32000,1.0
2016-01-13,1903,1903.TW,上市,29.35,29.549999,29.0,29.1,61000,1.0
2016-01-14,1903,1903.TW,上市,28.799999,28.799999,28.4,28.700001,56000,1.0
2016-01-15,1903,1903.TW,上市,29.0,29.25,28.4,28.700001,99000,1.0
2016-01-18,1903,1903.TW,上市,28.700001,29.049999,28.700001,29.0,30000,1.0
2016-01-19,1903,1903.TW,上市,28.85,29.049999,28.85,29.049999,20000,1.0
2016-01-20,1903,1903.TW,上市,29.0,29.0,28.5,28.6,256000,1.0
2016-01-21,1903,1903.TW,上市,28.75,29.049999,28.700001,28.700001,29000,1.0
2016-01-22,1903,1903.TW,上市,28.65,28.75,28.200001,28.700001,81000,1.0
2016-01-25,1903,1903.TW,上市,29.1,29.15,29.0,29.1,43000,1.0
2016-01-26,1903,1903.TW,上市,29.299999,29.299999,28.799999,28.799999,17000,1.0
2016-01-27,1903,1903.TW,上市,29.6,29.6,28.65,28.9,102000,1.0
2016-01-28,1903,1903.TW,上市,28.6,29.200001,28.6,28.9,12000,1.0
2016-01-29,1903,1903.TW,上市,28.65,28.9,28.35,28.75,68000,1.0
2016-02-01,1903,1903.TW,上市,28.799999,29.0,28.549999,28.799999,44000,1.0
2016-02-02,1903,1903.TW,上市,28.5,29.5,28.5,29.299999,36000,1.0
2016-02-03,1903,1903.TW,上市,28.799999,29.4,28.700001,29.0,47000,1.0
2016-02-15,1903,1903.TW,上市,28.4,29.0,28.4,28.85,21000,1.0
2016-02-16,1903,1903.TW,上市,29.5,29.5,28.85,29.0,21000,1.0
2016-02-17,1903,1903.TW,上市,29.15,29.15,28.700001,29.0,40000,1.0
2016-02-18,1903,1903.TW,上市,29.0,29.5,28.9,29.15,147000,1.0
2016-02-19,1903,1903.TW,上市,29.299999,29.549999,29.200001,29.5,124000,1.0
2016-02-22,1903,1903.TW,上市,29.6,29.65,29.299999,29.6,23000,1.0
2016-02-23,1903,1903.TW,上市,29.9,29.9,29.5,29.85,67000,1.0
2016-02-24,1903,1903.TW,上市,29.6,29.6,29.200001,29.4,39000,1.0
2016-02-25,1903,1903.TW,上市,29.6,29.799999,29.450001,29.700001,32000,1.0
2016-02-26,1903,1903.TW,上市,29.299999,29.799999,29.299999,29.799999,40000,1.0
2016-03-01,1903,1903.TW,上市,29.6,30.0,29.6,29.85,49000,1.0
2016-03-02,1903,1903.TW,上市,29.65,30.0,29.65,30.0,57000,1.0
2016-03-03,1903,1903.TW,上市,30.0,30.450001,29.950001,30.35,83000,1.0
2016-03-04,1903,1903.TW,上市,30.049999,30.450001,30.049999,30.4,26000,1.0
2016-03-07,1903,1903.TW,上市,30.700001,32.5,30.700001,31.6,236000,1.0
2016-03-08,1903,1903.TW,上市,31.65,31.65,31.299999,31.6,58000,1.0
2016-03-09,1903,1903.TW,上市,32.0,32.0,31.0,31.1,267000,1.0
2016-03-10,1903,1903.TW,上市,31.200001,31.25,30.799999,31.200001,20000,1.0
2016-03-11,1903,1903.TW,上市,31.200001,31.200001,30.700001,31.1,31000,1.0
2016-03-14,1903,1903.TW,上市,31.1,31.200001,30.799999,31.200001,43000,1.0
2016-03-15,1903,1903.TW,上市,30.9,30.9,30.5,30.799999,20000,1.0
2016-03-16,1903,1903.TW,上市,30.1,31.299999,30.1,31.25,69000,1.0
2016-03-17,1903,1903.TW,上市,31.25,32.150002,31.200001,31.4,100000,1.0
2016-03-18,1903,1903.TW,上市,32.0,32.0,31.5,31.700001,134000,1.0
2016-03-21,1903,1903.TW,上市,34.299999,34.299999,32.700001,33.150002,253000,1.0
2016-03-22,1903,1903.TW,上市,33.200001,33.200001,32.650002,33.0,66000,1.0
2016-03-23,1903,1903.TW,上市,33.0,33.5,32.900002,33.25,64000,1.0
2016-03-24,1903,1903.TW,上市,33.0,33.400002,32.799999,33.0,55000,1.0
2016-03-25,1903,1903.TW,上市,32.799999,33.549999,32.799999,33.299999,58000,1.0
2016-03-28,1903,1903.TW,上市,33.049999,33.349998,32.799999,32.849998,38000,1.0
2016-03-29,1903,1903.TW,上市,33.25,33.25,32.099998,32.599998,18000,1.0
2016-03-30,1903,1903.TW,上市,32.599998,32.700001,32.200001,32.650002,42000,1.0
2016-03-31,1903,1903.TW,上市,32.900002,32.900002,32.700001,32.75,9000,1.0
2016-04-01,1903,1903.TW,上市,32.849998,32.849998,32.150002,32.5,55000,1.0
2016-04-06,1903,1903.TW,上市,32.200001,32.599998,31.75,32.299999,149000,1.0
2016-04-07,1903,1903.TW,上市,31.85,32.25,31.799999,32.099998,30000,1.0
2016-04-08,1903,1903.TW,上市,31.700001,32.0,31.700001,32.0,52000,1.0
2016-04-11,1903,1903.TW,上市,32.200001,32.200001,31.9,32.049999,9000,1.0
2016-04-12,1903,1903.TW,上市,32.299999,32.299999,31.5,32.0,67000,1.0
2016-04-13,1903,1903.TW,上市,32.0,32.200001,31.700001,32.0,61000,1.0
2016-04-14,1903,1903.TW,上市,32.0,32.200001,31.549999,31.6,118000,1.0
2016-04-15,1903,1903.TW,上市,31.549999,31.75,31.549999,31.75,3000,1.0
2016-04-18,1903,1903.TW,上市,31.200001,31.65,30.799999,31.5,93000,1.0
2016-04-19,1903,1903.TW,上市,31.299999,31.75,31.299999,31.549999,38000,1.0
2016-04-20,1903,1903.TW,上市,31.299999,31.4,31.0,31.15,47000,1.0
2016-04-21,1903,1903.TW,上市,31.1,31.6,31.0,31.6,38000,1.0
2016-04-22,1903,1903.TW,上市,31.6,31.6,31.6,31.6,0,1.0
2016-04-25,1903,1903.TW,上市,31.5,31.75,31.25,31.6,33000,1.0
2016-04-26,1903,1903.TW,上市,31.15,32.049999,31.15,31.75,23000,1.0
2016-04-27,1903,1903.TW,上市,32.150002,32.150002,31.5,31.65,18000,1.0
2016-04-28,1903,1903.TW,上市,31.35,31.5,31.0,31.25,33000,1.0
2016-04-29,1903,1903.TW,上市,31.25,31.299999,30.700001,31.049999,30000,1.0
2016-05-03,1903,1903.TW,上市,31.0,31.0,30.200001,30.65,107000,1.0
2016-05-04,1903,1903.TW,上市,30.799999,30.799999,29.799999,30.5,79000,1.0
2016-05-05,1903,1903.TW,上市,30.6,30.6,30.15,30.4,13000,1.0
2016-05-06,1903,1903.TW,上市,30.85,30.85,29.9,30.35,13000,1.0
2016-05-09,1903,1903.TW,上市,30.75,30.75,30.0,30.450001,44000,1.0
2016-05-10,1903,1903.TW,上市,30.75,30.75,29.950001,30.5,13000,1.0
2016-05-11,1903,1903.TW,上市,30.75,30.75,30.0,30.299999,19000,1.0
2016-05-12,1903,1903.TW,上市,30.4,30.4,30.1,30.15,49000,1.0
2016-05-13,1903,1903.TW,上市,30.35,31.450001,30.049999,31.299999,156000,1.0
2016-05-16,1903,1903.TW,上市,32.400002,32.400002,31.4,31.85,112000,1.0
2016-05-17,1903,1903.TW,上市,32.25,32.299999,31.5,31.85,63000,1.0
2016-05-18,1903,1903.TW,上市,32.299999,32.299999,31.549999,32.049999,65000,1.0
2016-05-19,1903,1903.TW,上市,32.299999,32.299999,31.200001,31.450001,60000,1.0
2016-05-20,1903,1903.TW,上市,31.799999,31.799999,31.299999,31.450001,43000,1.0
2016-05-23,1903,1903.TW,上市,31.0,32.099998,31.0,31.950001,155000,1.0
2016-05-24,1903,1903.TW,上市,31.950001,31.950001,31.700001,31.75,17000,1.0
2016-05-25,1903,1903.TW,上市,31.75,31.799999,31.65,31.700001,18000,1.0
2016-05-26,1903,1903.TW,上市,31.75,32.0,31.549999,32.0,14000,1.0
2016-05-27,1903,1903.TW,上市,31.700001,33.799999,31.700001,33.450001,273000,1.0
2016-05-30,1903,1903.TW,上市,33.450001,34.5,33.0,34.049999,200000,1.0
2016-05-31,1903,1903.TW,上市,34.450001,34.549999,33.549999,34.549999,298000,1.0
2016-06-01,1903,1903.TW,上市,34.5,35.5,34.25,35.0,181000,1.0
2016-06-02,1903,1903.TW,上市,34.75,35.349998,34.5,34.799999,153000,1.0
2016-06-03,1903,1903.TW,上市,35.099998,35.099998,34.099998,34.349998,56000,1.0
2016-06-06,1903,1903.TW,上市,34.299999,34.599998,34.099998,34.099998,47000,1.0
2016-06-07,1903,1903.TW,上市,34.0,34.25,33.950001,34.049999,38000,1.0
2016-06-08,1903,1903.TW,上市,34.200001,34.200001,33.450001,33.450001,89000,1.0
2016-06-13,1903,1903.TW,上市,33.299999,33.299999,32.5,32.5,116000,1.0
2016-06-14,1903,1903.TW,上市,32.950001,32.950001,32.150002,32.400002,61000,1.0
2016-06-15,1903,1903.TW,上市,32.200001,32.799999,32.200001,32.599998,27000,1.0
2016-06-16,1903,1903.TW,上市,32.549999,32.549999,32.349998,32.349998,10000,1.0
2016-06-17,1903,1903.TW,上市,32.400002,32.950001,32.400002,32.599998,16000,1.0
2016-06-20,1903,1903.TW,上市,32.900002,32.950001,32.349998,32.599998,18000,1.0
2016-06-21,1903,1903.TW,上市,32.599998,32.799999,32.599998,32.799999,27000,1.0
2016-06-22,1903,1903.TW,上市,32.799999,32.799999,32.299999,32.400002,60000,1.0
2016-06-23,1903,1903.TW,上市,32.400002,32.400002,32.0,32.099998,31000,1.0
2016-06-24,1903,1903.TW,上市,32.0,32.0,31.700001,31.75,6000,1.0
2016-06-27,1903,1903.TW,上市,31.6,31.799999,31.200001,31.700001,68000,1.0
2016-06-28,1903,1903.TW,上市,31.4,31.75,31.4,31.5,498000,1.0
2016-06-29,1903,1903.TW,上市,31.65,32.099998,31.6,32.099998,65000,1.0
2016-06-30,1903,1903.TW,上市,32.400002,32.450001,31.85,32.25,46000,1.0
2016-07-01,1903,1903.TW,上市,32.5,32.5,32.0,32.0,7000,1.0
2016-07-04,1903,1903.TW,上市,32.650002,32.650002,32.0,32.150002,50000,1.0
2016-07-05,1903,1903.TW,上市,32.0,32.099998,31.9,32.099998,14000,1.0
2016-07-06,1903,1903.TW,上市,31.549999,32.099998,31.549999,31.700001,8000,1.0
2016-07-07,1903,1903.TW,上市,31.700001,31.9,31.65,31.75,14000,1.0
2016-07-08,1903,1903.TW,上市,31.75,31.75,31.75,31.75,0,1.0
2016-07-11,1903,1903.TW,上市,31.799999,31.799999,31.65,31.700001,40000,1.0
2016-07-12,1903,1903.TW,上市,31.700001,32.400002,31.700001,31.700001,19000,1.0
2016-07-13,1903,1903.TW,上市,31.85,32.150002,31.85,32.0,35000,1.0
2016-07-14,1903,1903.TW,上市,31.6,32.299999,31.6,32.299999,28000,1.0
2016-07-15,1903,1903.TW,上市,32.400002,32.400002,31.950001,32.349998,28000,1.0
2016-07-18,1903,1903.TW,上市,32.099998,32.349998,32.0,32.349998,62000,1.0
2016-07-19,1903,1903.TW,上市,32.450001,32.450001,32.099998,32.099998,30000,1.0
2016-07-20,1903,1903.TW,上市,32.0,32.450001,31.950001,32.099998,78000,1.0
2016-07-21,1903,1903.TW,上市,32.0,33.299999,31.950001,32.849998,103000,1.0
2016-07-22,1903,1903.TW,上市,32.400002,32.650002,32.299999,32.650002,15000,1.0
2016-07-25,1903,1903.TW,上市,32.5,33.0,32.5,32.599998,23000,1.0
2016-07-26,1903,1903.TW,上市,32.5,33.099998,32.5,32.950001,17000,1.0
2016-07-27,1903,1903.TW,上市,32.799999,33.200001,32.299999,32.450001,43000,1.0
2016-07-28,1903,1903.TW,上市,32.799999,32.799999,32.5,32.5,22000,1.0
2016-07-29,1903,1903.TW,上市,32.200001,32.599998,32.099998,32.599998,11000,1.0
2016-08-01,1903,1903.TW,上市,32.549999,32.599998,32.299999,32.599998,16000,1.0
2016-08-02,1903,1903.TW,上市,33.0,33.0,32.450001,32.799999,23000,1.0
2016-08-03,1903,1903.TW,上市,32.400002,32.549999,31.9,31.9,78000,1.0
2016-08-04,1903,1903.TW,上市,32.049999,32.299999,32.049999,32.299999,57000,1.0
2016-08-05,1903,1903.TW,上市,32.400002,32.400002,32.200001,32.200001,9000,1.0
2016-08-08,1903,1903.TW,上市,32.299999,32.450001,32.200001,32.450001,47000,1.0
2016-08-09,1903,1903.TW,上市,32.299999,32.299999,32.049999,32.049999,26000,1.0
2016-08-10,1903,1903.TW,上市,31.799999,33.299999,31.799999,33.0,95000,1.0
2016-08-11,1903,1903.TW,上市,32.349998,32.75,32.349998,32.700001,24000,1.0
2016-08-12,1903,1903.TW,上市,32.349998,32.650002,32.200001,32.549999,13000,1.0
2016-08-15,1903,1903.TW,上市,32.450001,32.5,32.200001,32.5,17000,1.0
2016-08-16,1903,1903.TW,上市,32.5,32.5,32.0,32.0,35000,1.0
2016-08-17,1903,1903.TW,上市,32.0,33.0,32.0,32.900002,106000,1.0
2016-08-18,1903,1903.TW,上市,32.650002,32.799999,32.299999,32.799999,31000,1.0
2016-08-19,1903,1903.TW,上市,32.599998,32.599998,31.799999,32.299999,68000,1.0
2016-08-22,1903,1903.TW,上市,32.0,32.200001,31.450001,31.9,58000,1.0
2016-08-23,1903,1903.TW,上市,31.6,31.799999,31.5,31.6,21000,1.0
2016-08-24,1903,1903.TW,上市,31.65,31.799999,31.5,31.5,26000,1.0
2016-08-25,1903,1903.TW,上市,31.9,31.9,31.5,31.65,16000,1.0
2016-08-26,1903,1903.TW,上市,32.200001,32.200001,31.65,31.75,43000,1.0
2016-08-29,1903,1903.TW,上市,32.099998,32.099998,31.200001,31.9,34000,1.0
2016-08-30,1903,1903.TW,上市,31.9,32.049999,31.6,31.9,50000,1.0
2016-08-31,1903,1903.TW,上市,31.85,32.099998,31.450001,31.6,33000,1.0
2016-09-01,1903,1903.TW,上市,32.099998,32.099998,31.85,32.099998,38000,1.0
2016-09-02,1903,1903.TW,上市,32.299999,32.299999,31.950001,32.0,10000,1.0
2016-09-05,1903,1903.TW,上市,32.0,32.299999,32.0,32.150002,24000,1.0
2016-09-06,1903,1903.TW,上市,31.799999,31.799999,31.6,31.799999,15000,1.0
2016-09-07,1903,1903.TW,上市,31.75,31.75,31.25,31.6,82000,1.0
2016-09-08,1903,1903.TW,上市,31.4,31.5,31.200001,31.4,54000,1.0
2016-09-09,1903,1903.TW,上市,31.200001,31.35,31.200001,31.35,10000,1.0
2016-09-12,1903,1903.TW,上市,31.799999,31.799999,31.1,31.1,23000,1.0
2016-09-13,1903,1903.TW,上市,31.299999,31.299999,31.0,31.0,17000,1.0
2016-09-14,1903,1903.TW,上市,30.9,31.0,30.799999,31.0,13000,1.0
2016-09-19,1903,1903.TW,上市,30.9,31.35,30.65,31.25,39000,1.0
2016-09-20,1903,1903.TW,上市,30.799999,31.0,30.799999,30.799999,13000,1.0
2016-09-21,1903,1903.TW,上市,30.950001,32.299999,30.950001,32.200001,68000,1.0
2016-09-22,1903,1903.TW,上市,31.799999,32.099998,31.799999,32.099998,2000,1.0
2016-09-23,1903,1903.TW,上市,32.0,32.150002,31.700001,31.75,40000,1.0
2016-09-26,1903,1903.TW,上市,31.799999,32.0,31.65,31.65,82000,1.0
2016-09-27,1903,1903.TW,上市,31.65,31.65,31.65,31.65,0,1.0
2016-09-28,1903,1903.TW,上市,31.65,31.65,31.65,31.65,0,1.0
2016-09-29,1903,1903.TW,上市,31.6,31.65,31.5,31.5,11000,1.0
2016-09-30,1903,1903.TW,上市,31.5,31.5,31.200001,31.25,20000,1.0
2016-10-03,1903,1903.TW,上市,31.799999,31.799999,31.200001,31.200001,22000,1.0
2016-10-04,1903,1903.TW,上市,31.5,31.5,30.85,31.1,15000,1.0
2016-10-05,1903,1903.TW,上市,31.15,31.200001,30.4,30.700001,75000,1.0
2016-10-06,1903,1903.TW,上市,30.700001,31.200001,30.65,31.200001,13000,1.0
2016-10-07,1903,1903.TW,上市,31.65,31.65,31.5,31.5,2000,1.0
2016-10-11,1903,1903.TW,上市,30.85,30.85,30.85,30.85,3000,1.0
2016-10-12,1903,1903.TW,上市,30.85,30.85,30.85,30.85,0,1.0
2016-10-13,1903,1903.TW,上市,30.5,30.5,30.200001,30.35,23000,1.0
2016-10-14,1903,1903.TW,上市,30.299999,30.4,29.6,30.1,97000,1.0
2016-10-17,1903,1903.TW,上市,30.450001,30.5,30.0,30.450001,14000,1.0
2016-10-18,1903,1903.TW,上市,30.75,30.75,30.35,30.4,26000,1.0
2016-10-19,1903,1903.TW,上市,30.75,30.799999,30.15,30.799999,25000,1.0
2016-10-20,1903,1903.TW,上市,30.799999,30.85,30.299999,30.35,16000,1.0
2016-10-21,1903,1903.TW,上市,30.75,30.75,30.0,30.4,36000,1.0
2016-10-24,1903,1903.TW,上市,30.6,30.6,30.15,30.5,17000,1.0
2016-10-25,1903,1903.TW,上市,30.5,30.5,30.049999,30.1,23000,1.0
2016-10-26,1903,1903.TW,上市,30.1,30.35,30.0,30.299999,63000,1.0
2016-10-27,1903,1903.TW,上市,30.450001,30.5,30.25,30.35,9000,1.0
2016-10-28,1903,1903.TW,上市,30.1,30.35,30.049999,30.049999,14000,1.0
2016-10-31,1903,1903.TW,上市,30.450001,30.450001,30.0,30.049999,40000,1.0
2016-11-01,1903,1903.TW,上市,30.049999,30.049999,30.0,30.0,30000,1.0
2016-11-02,1903,1903.TW,上市,30.25,30.25,30.049999,30.1,99000,1.0
2016-11-03,1903,1903.TW,上市,30.1,30.200001,30.0,30.15,37000,1.0
2016-11-04,1903,1903.TW,上市,30.0,30.450001,29.4,29.450001,107000,1.0
2016-11-07,1903,1903.TW,上市,29.5,29.75,27.700001,28.700001,308000,1.0
2016-11-08,1903,1903.TW,上市,28.9,29.15,28.700001,29.15,77000,1.0
2016-11-09,1903,1903.TW,上市,29.35,29.35,28.200001,28.200001,36000,1.0
2016-11-10,1903,1903.TW,上市,28.799999,29.5,28.799999,29.299999,39000,1.0
2016-11-11,1903,1903.TW,上市,29.450001,29.5,28.75,29.200001,29000,1.0
2016-11-14,1903,1903.TW,上市,29.75,29.75,28.75,29.35,41000,1.0
2016-11-15,1903,1903.TW,上市,29.950001,32.25,29.950001,32.25,494000,1.0
2016-11-16,1903,1903.TW,上市,32.299999,32.349998,30.0,31.4,308000,1.0
2016-11-17,1903,1903.TW,上市,31.4,31.450001,30.299999,30.799999,143000,1.0
2016-11-18,1903,1903.TW,上市,30.4,31.0,30.25,30.450001,301000,1.0
2016-11-21,1903,1903.TW,上市,30.799999,30.799999,30.1,30.75,208000,1.0
2016-11-22,1903,1903.TW,上市,30.450001,30.75,30.1,30.25,208000,1.0
2016-11-23,1903,1903.TW,上市,30.0,30.0,29.299999,29.35,308000,1.0
2016-11-24,1903,1903.TW,上市,29.35,29.65,28.799999,29.1,214000,1.0
2016-11-25,1903,1903.TW,上市,29.6,29.6,29.049999,29.450001,526000,1.0
2016-11-28,1903,1903.TW,上市,29.299999,30.4,29.299999,30.049999,375000,1.0
2016-11-29,1903,1903.TW,上市,30.200001,30.299999,29.799999,30.0,173000,1.0
2016-11-30,1903,1903.TW,上市,30.049999,31.5,29.799999,31.5,972000,1.0
2016-12-01,1903,1903.TW,上市,31.299999,32.25,31.0,31.9,175000,1.0
2016-12-02,1903,1903.TW,上市,32.0,32.299999,31.950001,32.299999,122000,1.0
2016-12-05,1903,1903.TW,上市,32.549999,32.549999,31.75,32.099998,152000,1.0
2016-12-06,1903,1903.TW,上市,32.099998,32.549999,31.75,32.150002,215000,1.0
2016-12-07,1903,1903.TW,上市,32.549999,32.549999,31.700001,32.099998,65000,1.0
2016-12-08,1903,1903.TW,上市,32.099998,32.5,31.9,32.299999,159000,1.0
2016-12-09,1903,1903.TW,上市,32.0,32.200001,31.75,31.950001,43000,1.0
2016-12-12,1903,1903.TW,上市,31.950001,32.799999,31.950001,32.549999,138000,1.0
2016-12-13,1903,1903.TW,上市,32.299999,32.799999,32.150002,32.799999,44000,1.0
2016-12-14,1903,1903.TW,上市,32.599998,33.099998,32.599998,33.0,98000,1.0
2016-12-15,1903,1903.TW,上市,32.950001,32.950001,32.299999,32.799999,76000,1.0
2016-12-16,1903,1903.TW,上市,32.700001,32.700001,31.799999,32.299999,86000,1.0
2016-12-19,1903,1903.TW,上市,32.0,32.0,31.700001,32.0,32000,1.0
2016-12-20,1903,1903.TW,上市,32.0,32.0,31.6,31.700001,6000,1.0
2016-12-21,1903,1903.TW,上市,31.5,31.75,30.9,31.700001,54000,1.0
2016-12-22,1903,1903.TW,上市,31.85,31.85,31.450001,31.450001,121000,1.0
2016-12-23,1903,1903.TW,上市,32.400002,32.400002,31.950001,32.099998,41000,1.0
2016-12-26,1903,1903.TW,上市,31.9,32.0,31.9,31.950001,27000,1.0
2016-12-27,1903,1903.TW,上市,31.700001,32.150002,31.700001,32.099998,21000,1.0
2016-12-28,1903,1903.TW,上市,32.099998,32.200001,32.0,32.200001,7000,1.0
2016-12-29,1903,1903.TW,上市,32.099998,32.099998,31.85,32.099998,18000,1.0
2016-12-30,1903,1903.TW,上市,32.299999,32.799999,31.950001,32.700001,84000,1.0
2017-01-03,1903,1903.TW,上市,32.900002,32.900002,32.349998,32.5,164000,1.0
2017-01-04,1903,1903.TW,上市,32.799999,32.799999,32.450001,32.700001,29000,1.0
2017-01-05,1903,1903.TW,上市,32.75,33.950001,32.700001,33.0,307000,1.0
2017-01-06,1903,1903.TW,上市,33.0,33.400002,32.700001,32.700001,154000,1.0
2017-01-09,1903,1903.TW,上市,33.150002,33.299999,32.200001,32.599998,40000,1.0
2017-01-10,1903,1903.TW,上市,32.900002,32.900002,32.299999,32.599998,35000,1.0
2017-01-11,1903,1903.TW,上市,32.900002,32.900002,32.299999,32.599998,12000,1.0
2017-01-12,1903,1903.TW,上市,32.900002,32.900002,31.950001,32.0,56000,1.0
2017-01-13,1903,1903.TW,上市,32.0,32.299999,31.700001,32.299999,56000,1.0
2017-01-16,1903,1903.TW,上市,32.5,32.5,31.700001,31.9,41000,1.0
2017-01-17,1903,1903.TW,上市,31.9,32.200001,31.700001,32.0,30000,1.0
2017-01-18,1903,1903.TW,上市,32.299999,32.400002,32.0,32.200001,60000,1.0
2017-01-19,1903,1903.TW,上市,32.200001,32.200001,31.549999,31.6,58000,1.0
2017-01-20,1903,1903.TW,上市,31.9,32.5,31.9,32.150002,65000,1.0
2017-01-23,1903,1903.TW,上市,32.299999,32.900002,32.299999,32.849998,116000,1.0
2017-01-24,1903,1903.TW,上市,32.950001,33.650002,32.849998,33.549999,250000,1.0
2017-02-02,1903,1903.TW,上市,33.849998,33.900002,32.799999,33.0,75000,1.0
2017-02-03,1903,1903.TW,上市,33.450001,33.450001,32.75,32.950001,70000,1.0
2017-02-06,1903,1903.TW,上市,33.25,35.0,33.25,34.549999,318000,1.0
2017-02-07,1903,1903.TW,上市,34.549999,34.549999,34.0,34.299999,109000,1.0
2017-02-08,1903,1903.TW,上市,34.650002,34.650002,33.900002,33.900002,66000,1.0
2017-02-09,1903,1903.TW,上市,34.299999,34.299999,33.799999,33.799999,69000,1.0
2017-02-10,1903,1903.TW,上市,34.200001,34.5,34.150002,34.400002,100000,1.0
2017-02-13,1903,1903.TW,上市,34.400002,34.799999,33.900002,34.5,85000,1.0
2017-02-14,1903,1903.TW,上市,34.5,34.700001,34.200001,34.5,60000,1.0
2017-02-15,1903,1903.TW,上市,34.900002,37.950001,34.25,37.950001,714000,1.0
2017-02-16,1903,1903.TW,上市,39.0,39.200001,37.200001,37.5,410000,1.0
2017-02-17,1903,1903.TW,上市,37.0,37.400002,36.099998,36.849998,127000,1.0
2017-02-20,1903,1903.TW,上市,36.700001,36.700001,36.150002,36.299999,47000,1.0
2017-02-21,1903,1903.TW,上市,36.400002,37.799999,36.400002,36.549999,256000,1.0
2017-02-22,1903,1903.TW,上市,36.599998,36.900002,36.549999,36.799999,76000,1.0
2017-02-23,1903,1903.TW,上市,37.5,37.5,36.650002,36.799999,43000,1.0
2017-02-24,1903,1903.TW,上市,36.849998,37.450001,36.799999,37.299999,95000,1.0
2017-03-01,1903,1903.TW,上市,37.400002,37.400002,36.799999,36.799999,86000,1.0
2017-03-02,1903,1903.TW,上市,37.0,37.0,36.299999,36.400002,68000,1.0
2017-03-03,1903,1903.TW,上市,36.950001,37.700001,36.799999,36.900002,188000,1.0
2017-03-06,1903,1903.TW,上市,36.900002,36.900002,36.25,36.400002,21000,1.0
2017-03-07,1903,1903.TW,上市,36.549999,38.450001,36.549999,37.450001,217000,1.0
2017-03-08,1903,1903.TW,上市,37.400002,37.400002,36.799999,36.900002,52000,1.0
2017-03-09,1903,1903.TW,上市,36.900002,36.950001,36.400002,36.5,77000,1.0
2017-03-10,1903,1903.TW,上市,36.25,37.0,36.099998,36.650002,54000,1.0
2017-03-13,1903,1903.TW,上市,36.799999,37.400002,36.400002,36.700001,78000,1.0
2017-03-14,1903,1903.TW,上市,36.799999,36.799999,36.150002,36.349998,78000,1.0
2017-03-15,1903,1903.TW,上市,36.25,36.349998,36.099998,36.150002,59000,1.0
2017-03-16,1903,1903.TW,上市,36.150002,36.75,35.700001,35.799999,98000,1.0
2017-03-17,1903,1903.TW,上市,35.799999,36.599998,35.650002,36.599998,92000,1.0
2017-03-20,1903,1903.TW,上市,36.0,36.049999,35.299999,35.599998,126000,1.0
2017-03-21,1903,1903.TW,上市,35.549999,35.549999,34.450001,34.849998,200000,1.0
2017-03-22,1903,1903.TW,上市,34.5,35.0,34.5,34.799999,28000,1.0
2017-03-23,1903,1903.TW,上市,34.599998,35.0,34.599998,34.900002,36000,1.0
2017-03-24,1903,1903.TW,上市,34.900002,35.700001,34.900002,35.5,63000,1.0
2017-03-27,1903,1903.TW,上市,35.5,35.599998,35.150002,35.450001,12000,1.0
2017-03-28,1903,1903.TW,上市,35.650002,35.650002,35.0,35.200001,48000,1.0
2017-03-29,1903,1903.TW,上市,35.200001,35.5,34.5,35.299999,63000,1.0
2017-03-30,1903,1903.TW,上市,34.900002,35.799999,34.799999,35.799999,34000,1.0
2017-03-31,1903,1903.TW,上市,35.099998,35.700001,35.099998,35.5,13000,1.0
2017-04-05,1903,1903.TW,上市,34.900002,35.450001,34.900002,35.400002,11000,1.0
2017-04-06,1903,1903.TW,上市,35.400002,35.400002,34.799999,35.349998,56000,1.0
2017-04-07,1903,1903.TW,上市,35.349998,35.349998,34.75,35.25,34000,1.0
2017-04-10,1903,1903.TW,上市,35.0,35.0,34.349998,34.599998,40000,1.0
2017-04-11,1903,1903.TW,上市,34.599998,34.599998,33.900002,34.0,76000,1.0
2017-04-12,1903,1903.TW,上市,33.599998,34.549999,33.599998,34.25,102000,1.0
2017-04-13,1903,1903.TW,上市,33.75,33.900002,33.599998,33.900002,19000,1.0
2017-04-14,1903,1903.TW,上市,33.75,35.099998,33.75,34.099998,135000,1.0
2017-04-17,1903,1903.TW,上市,33.849998,34.150002,33.400002,34.150002,31000,1.0
2017-04-18,1903,1903.TW,上市,33.75,34.599998,33.75,33.950001,30000,1.0
2017-04-19,1903,1903.TW,上市,33.75,34.349998,33.400002,33.400002,70000,1.0
2017-04-20,1903,1903.TW,上市,33.400002,33.5,33.200001,33.200001,23000,1.0
2017-04-21,1903,1903.TW,上市,33.549999,33.549999,33.099998,33.299999,37000,1.0
2017-04-24,1903,1903.TW,上市,33.400002,33.400002,33.0,33.099998,89000,1.0
2017-04-25,1903,1903.TW,上市,33.150002,33.5,33.099998,33.25,32000,1.0
2017-04-26,1903,1903.TW,上市,33.400002,33.400002,33.400002,33.400002,10000,1.0
2017-04-27,1903,1903.TW,上市,33.400002,33.900002,33.299999,33.299999,10000,1.0
2017-04-28,1903,1903.TW,上市,33.5,33.849998,33.299999,33.299999,18000,1.0
2017-05-02,1903,1903.TW,上市,33.299999,33.299999,33.0,33.299999,104000,1.0
2017-05-03,1903,1903.TW,上市,33.299999,33.299999,33.299999,33.299999,0,1.0
2017-05-04,1903,1903.TW,上市,33.049999,33.349998,32.900002,33.349998,12000,1.0
2017-05-05,1903,1903.TW,上市,33.099998,33.099998,32.75,32.75,28000,1.0
2017-05-08,1903,1903.TW,上市,32.75,32.75,32.400002,32.400002,45000,1.0
2017-05-09,1903,1903.TW,上市,32.200001,32.25,31.799999,32.150002,58000,1.0
2017-05-10,1903,1903.TW,上市,32.150002,32.200001,32.049999,32.049999,10000,1.0
2017-05-11,1903,1903.TW,上市,31.9,32.0,31.75,31.75,15000,1.0
2017-05-12,1903,1903.TW,上市,31.75,31.75,31.200001,31.35,56000,1.0
2017-05-15,1903,1903.TW,上市,31.200001,31.9,31.200001,31.299999,64000,1.0
2017-05-16,1903,1903.TW,上市,31.299999,31.450001,31.299999,31.450001,6000,1.0
2017-05-17,1903,1903.TW,上市,31.35,31.799999,31.35,31.799999,3000,1.0
2017-05-18,1903,1903.TW,上市,31.35,31.799999,31.35,31.799999,4000,1.0
2017-05-19,1903,1903.TW,上市,31.6,31.6,31.5,31.5,63000,1.0
2017-05-22,1903,1903.TW,上市,31.4,32.099998,31.4,32.0,54000,1.0
2017-05-23,1903,1903.TW,上市,32.0,32.900002,32.0,32.099998,22000,1.0
2017-05-24,1903,1903.TW,上市,32.0,32.650002,32.0,32.650002,29000,1.0
2017-05-25,1903,1903.TW,上市,32.650002,32.900002,32.349998,32.349998,29000,1.0
2017-05-26,1903,1903.TW,上市,32.299999,32.799999,32.299999,32.5,28000,1.0
2017-05-31,1903,1903.TW,上市,32.200001,32.349998,32.0,32.349998,18000,1.0
2017-06-01,1903,1903.TW,上市,32.200001,32.400002,32.200001,32.200001,65000,1.0
2017-06-02,1903,1903.TW,上市,32.099998,32.200001,32.049999,32.049999,8000,1.0
2017-06-05,1903,1903.TW,上市,32.0,32.400002,31.85,31.9,65000,1.0
2017-06-06,1903,1903.TW,上市,31.9,31.9,31.799999,31.799999,8000,1.0
2017-06-07,1903,1903.TW,上市,31.799999,32.400002,31.75,32.400002,7000,1.0
2017-06-08,1903,1903.TW,上市,31.9,31.9,31.9,31.9,5000,1.0
2017-06-09,1903,1903.TW,上市,31.700001,32.0,31.6,31.6,24000,1.0
2017-06-12,1903,1903.TW,上市,31.299999,32.299999,31.299999,32.200001,103000,1.0
2017-06-13,1903,1903.TW,上市,32.0,32.400002,31.700001,32.400002,55000,1.0
2017-06-14,1903,1903.TW,上市,32.049999,32.049999,31.549999,31.549999,16000,1.0
2017-06-15,1903,1903.TW,上市,31.549999,31.75,31.200001,31.5,205000,1.0
2017-06-16,1903,1903.TW,上市,31.200001,31.4,31.15,31.4,42000,1.0
2017-06-19,1903,1903.TW,上市,31.200001,31.5,31.200001,31.4,100000,1.0
2017-06-20,1903,1903.TW,上市,31.200001,31.200001,31.1,31.200001,28000,1.0
2017-06-21,1903,1903.TW,上市,31.049999,31.9,31.0,31.700001,77000,1.0
2017-06-22,1903,1903.TW,上市,31.5,32.0,31.5,31.85,52000,1.0
2017-06-23,1903,1903.TW,上市,31.65,31.65,31.549999,31.549999,18000,1.0
2017-06-26,1903,1903.TW,上市,31.65,32.150002,31.6,32.049999,62000,1.0
2017-06-27,1903,1903.TW,上市,32.049999,32.349998,32.049999,32.349998,42000,1.0
2017-06-28,1903,1903.TW,上市,32.099998,32.349998,31.950001,32.349998,48000,1.0
2017-06-29,1903,1903.TW,上市,32.349998,32.549999,32.349998,32.549999,19000,1.0
2017-06-30,1903,1903.TW,上市,32.200001,32.200001,32.200001,32.200001,1000,1.0
2017-07-03,1903,1903.TW,上市,32.200001,32.650002,32.099998,32.549999,71000,1.0
2017-07-04,1903,1903.TW,上市,32.599998,32.650002,32.599998,32.599998,24000,1.0
2017-07-05,1903,1903.TW,上市,32.549999,32.549999,32.099998,32.099998,6000,1.0
2017-07-06,1903,1903.TW,上市,32.200001,32.200001,32.099998,32.150002,20000,1.0
2017-07-07,1903,1903.TW,上市,31.950001,31.950001,31.6,31.65,35000,1.0
2017-07-10,1903,1903.TW,上市,31.299999,31.799999,31.299999,31.450001,15000,1.0
2017-07-11,1903,1903.TW,上市,31.450001,32.049999,31.299999,32.0,60000,1.0
2017-07-12,1903,1903.TW,上市,32.0,32.400002,31.950001,32.299999,23000,1.0
2017-07-13,1903,1903.TW,上市,31.9,31.9,31.9,31.9,5000,1.0
2017-07-14,1903,1903.TW,上市,31.700001,31.799999,31.6,31.799999,15000,1.0
2017-07-17,1903,1903.TW,上市,31.6,31.6,31.549999,31.549999,12000,1.0
2017-07-18,1903,1903.TW,上市,31.6,31.6,31.200001,31.6,85000,1.0
2017-07-19,1903,1903.TW,上市,31.4,31.5,31.35,31.4,19000,1.0
2017-07-20,1903,1903.TW,上市,31.5,31.5,31.15,31.15,61000,1.0
2017-07-21,1903,1903.TW,上市,31.049999,31.5,31.049999,31.25,29000,1.0
2017-07-24,1903,1903.TW,上市,31.25,31.25,31.0,31.200001,46000,1.0
2017-07-25,1903,1903.TW,上市,31.1,31.25,31.1,31.200001,57000,1.0
2017-07-26,1903,1903.TW,上市,31.4,31.450001,31.35,31.4,16000,1.0
2017-07-27,1903,1903.TW,上市,31.1,31.65,31.1,31.65,47000,1.0
2017-07-28,1903,1903.TW,上市,31.450001,31.6,31.450001,31.450001,23000,1.0
2017-07-31,1903,1903.TW,上市,31.4,31.4,31.4,31.4,4000,1.0
2017-08-01,1903,1903.TW,上市,31.4,31.85,31.4,31.85,77000,1.0
2017-08-02,1903,1903.TW,上市,31.9,31.950001,31.6,31.9,15000,1.0
2017-08-03,1903,1903.TW,上市,31.549999,31.799999,31.549999,31.700001,21000,1.0
2017-08-04,1903,1903.TW,上市,31.700001,32.700001,31.700001,32.599998,137000,1.0
2017-08-07,1903,1903.TW,上市,32.5,32.5,32.099998,32.099998,46000,1.0
2017-08-08,1903,1903.TW,上市,32.0,32.0,31.950001,31.950001,9000,1.0
2017-08-09,1903,1903.TW,上市,31.549999,31.9,31.549999,31.9,20000,1.0
2017-08-10,1903,1903.TW,上市,31.9,31.9,31.549999,31.9,39000,1.0
2017-08-11,1903,1903.TW,上市,31.85,32.0,31.6,31.9,21000,1.0
2017-08-14,1903,1903.TW,上市,31.6,31.6,31.049999,31.049999,53000,1.0
2017-08-15,1903,1903.TW,上市,31.049999,31.1,30.9,31.1,34000,1.0
2017-08-16,1903,1903.TW,上市,31.1,31.5,30.9,30.9,87000,1.0
2017-08-17,1903,1903.TW,上市,31.049999,31.5,31.049999,31.200001,35000,1.0
2017-08-18,1903,1903.TW,上市,30.9,31.200001,30.799999,31.0,36000,1.0
2017-08-21,1903,1903.TW,上市,33.0,33.0,32.0,32.5,140005,1.0
2017-08-22,1903,1903.TW,上市,32.650002,32.799999,32.200001,32.799999,49088,1.0
2017-08-23,1903,1903.TW,上市,32.799999,32.799999,32.299999,32.299999,55263,1.0
2017-08-24,1903,1903.TW,上市,32.5,32.650002,32.200001,32.5,36031,1.0
2017-08-25,1903,1903.TW,上市,32.299999,33.200001,32.299999,32.950001,112615,1.0
2017-08-28,1903,1903.TW,上市,33.299999,33.299999,32.700001,32.900002,48269,1.0
2017-08-29,1903,1903.TW,上市,33.200001,33.200001,32.5,32.5,36409,1.0
2017-08-30,1903,1903.TW,上市,32.5,33.049999,32.299999,32.900002,170052,1.0
2017-08-31,1903,1903.TW,上市,32.799999,32.799999,32.450001,32.5,27056,1.0
2017-09-01,1903,1903.TW,上市,32.5,32.950001,32.5,32.900002,59010,1.0
2017-09-04,1903,1903.TW,上市,32.900002,32.900002,32.299999,32.5,33065,1.0
2017-09-05,1903,1903.TW,上市,32.299999,32.650002,32.299999,32.400002,46003,1.0
2017-09-06,1903,1903.TW,上市,32.099998,32.099998,31.85,31.9,38445,1.0
2017-09-07,1903,1903.TW,上市,32.0,32.450001,32.0,32.0,61491,1.0
2017-09-08,1903,1903.TW,上市,31.85,32.349998,31.75,32.349998,24769,1.0
2017-09-11,1903,1903.TW,上市,32.400002,32.700001,32.099998,32.400002,56397,1.0
2017-09-12,1903,1903.TW,上市,32.400002,32.950001,31.9,32.5,179222,1.0
2017-09-13,1903,1903.TW,上市,32.5,34.900002,32.450001,33.900002,634195,1.0
2017-09-14,1903,1903.TW,上市,34.0,34.75,33.5,33.5,352204,1.0
2017-09-15,1903,1903.TW,上市,33.900002,33.900002,32.900002,33.0,96133,1.0
2017-09-18,1903,1903.TW,上市,33.0,33.0,32.400002,32.400002,187746,1.0
2017-09-19,1903,1903.TW,上市,32.25,32.5,32.150002,32.299999,155924,1.0
2017-09-20,1903,1903.TW,上市,32.0,32.299999,31.799999,32.200001,64001,1.0
2017-09-21,1903,1903.TW,上市,32.200001,32.400002,32.200001,32.349998,38976,1.0
2017-09-22,1903,1903.TW,上市,32.200001,32.200001,31.700001,32.099998,87239,1.0
2017-09-25,1903,1903.TW,上市,32.0,32.349998,31.65,32.299999,84001,1.0
2017-09-26,1903,1903.TW,上市,32.299999,32.799999,32.150002,32.150002,76559,1.0
2017-09-27,1903,1903.TW,上市,32.549999,32.599998,32.200001,32.349998,26110,1.0
2017-09-28,1903,1903.TW,上市,32.799999,32.799999,32.099998,32.099998,23480,1.0
2017-09-29,1903,1903.TW,上市,31.950001,32.200001,31.799999,32.099998,13000,1.0
2017-10-02,1903,1903.TW,上市,32.5,32.5,32.099998,32.400002,31027,1.0
2017-10-03,1903,1903.TW,上市,32.150002,32.349998,32.049999,32.25,14002,1.0
2017-10-05,1903,1903.TW,上市,32.25,33.099998,32.099998,32.950001,94536,1.0
2017-10-06,1903,1903.TW,上市,32.900002,32.950001,32.599998,32.599998,50000,1.0
2017-10-11,1903,1903.TW,上市,33.049999,33.049999,32.299999,32.299999,28377,1.0
2017-10-12,1903,1903.TW,上市,32.450001,32.450001,32.299999,32.450001,15307,1.0
2017-10-13,1903,1903.TW,上市,32.349998,32.400002,31.950001,32.200001,85051,1.0
2017-10-16,1903,1903.TW,上市,32.200001,32.5,31.5,32.0,73208,1.0
2017-10-17,1903,1903.TW,上市,31.75,32.0,31.6,31.9,30226,1.0
2017-10-18,1903,1903.TW,上市,31.700001,32.25,31.15,31.65,95210,1.0
2017-10-19,1903,1903.TW,上市,31.6,32.0,31.6,31.950001,42163,1.0
2017-10-20,1903,1903.TW,上市,31.950001,32.099998,31.549999,31.9,54002,1.0
2017-10-23,1903,1903.TW,上市,31.549999,32.150002,31.549999,32.0,55205,1.0
2017-10-24,1903,1903.TW,上市,32.0,32.099998,31.799999,31.799999,33243,1.0
2017-10-25,1903,1903.TW,上市,31.799999,31.950001,31.549999,31.85,129201,1.0
2017-10-26,1903,1903.TW,上市,31.6,31.9,31.6,31.799999,18000,1.0
2017-10-27,1903,1903.TW,上市,31.799999,31.799999,31.6,31.799999,43468,1.0
2017-10-30,1903,1903.TW,上市,31.450001,31.700001,31.450001,31.549999,68557,1.0
2017-10-31,1903,1903.TW,上市,31.6,31.950001,31.549999,31.700001,21564,1.0
2017-11-01,1903,1903.TW,上市,31.65,32.0,31.6,31.700001,52002,1.0
2017-11-02,1903,1903.TW,上市,31.65,31.799999,31.6,31.65,14265,1.0
2017-11-03,1903,1903.TW,上市,31.700001,32.049999,31.65,31.85,20202,1.0
2017-11-06,1903,1903.TW,上市,32.0,32.0,31.700001,32.0,35114,1.0
2017-11-07,1903,1903.TW,上市,32.099998,32.099998,31.6,31.75,35006,1.0
2017-11-08,1903,1903.TW,上市,31.65,31.700001,31.6,31.700001,32419,1.0
2017-11-09,1903,1903.TW,上市,31.75,31.950001,31.65,31.85,39550,1.0
2017-11-10,1903,1903.TW,上市,31.950001,32.0,31.65,31.950001,41001,1.0
2017-11-13,1903,1903.TW,上市,31.75,31.9,31.6,31.65,26131,1.0
2017-11-14,1903,1903.TW,上市,31.75,31.799999,31.6,31.799999,37000,1.0
2017-11-15,1903,1903.TW,上市,31.6,31.950001,31.5,31.950001,76081,1.0
2017-11-16,1903,1903.TW,上市,31.950001,32.0,31.6,31.6,44001,1.0
2017-11-17,1903,1903.TW,上市,31.6,31.9,31.6,31.6,46166,1.0
2017-11-20,1903,1903.TW,上市,31.450001,31.700001,31.25,31.549999,59251,1.0
2017-11-21,1903,1903.TW,上市,31.549999,31.6,31.299999,31.5,50160,1.0
2017-11-22,1903,1903.TW,上市,31.35,31.700001,31.299999,31.6,164316,1.0
2017-11-23,1903,1903.TW,上市,31.4,31.700001,31.4,31.700001,42207,1.0
2017-11-24,1903,1903.TW,上市,31.6,31.799999,31.549999,31.799999,45000,1.0
2017-11-27,1903,1903.TW,上市,31.9,31.9,31.5,31.5,40320,1.0
2017-11-28,1903,1903.TW,上市,31.5,31.85,31.5,31.6,87000,1.0
2017-11-29,1903,1903.TW,上市,31.85,31.85,31.5,31.65,20167,1.0
2017-11-30,1903,1903.TW,上市,31.65,31.799999,31.4,31.450001,81001,1.0
2017-12-01,1903,1903.TW,上市,31.85,31.950001,31.5,31.799999,73332,1.0
2017-12-04,1903,1903.TW,上市,31.9,32.049999,31.65,32.0,80005,1.0
2017-12-05,1903,1903.TW,上市,31.700001,32.0,31.700001,31.799999,19009,1.0
2017-12-06,1903,1903.TW,上市,31.85,32.200001,31.85,31.9,63895,1.0
2017-12-07,1903,1903.TW,上市,31.700001,32.049999,31.6,31.950001,23185,1.0
2017-12-08,1903,1903.TW,上市,31.9,32.0,31.6,32.0,43000,1.0
2017-12-11,1903,1903.TW,上市,31.950001,32.0,31.75,31.950001,16206,1.0
2017-12-12,1903,1903.TW,上市,31.950001,31.950001,31.65,31.65,6030,1.0
2017-12-13,1903,1903.TW,上市,31.5,31.799999,31.5,31.6,38814,1.0
2017-12-14,1903,1903.TW,上市,31.950001,31.950001,31.65,31.950001,33006,1.0
2017-12-15,1903,1903.TW,上市,31.950001,32.0,31.799999,31.950001,16516,1.0
2017-12-18,1903,1903.TW,上市,31.700001,31.950001,31.65,31.950001,29141,1.0
2017-12-19,1903,1903.TW,上市,31.950001,31.950001,31.6,31.6,19003,1.0
2017-12-20,1903,1903.TW,上市,32.0,32.0,31.65,31.75,41609,1.0
2017-12-21,1903,1903.TW,上市,31.65,32.049999,31.65,31.950001,37013,1.0
2017-12-22,1903,1903.TW,上市,31.85,31.950001,31.700001,31.950001,25119,1.0
2017-12-25,1903,1903.TW,上市,31.6,32.150002,31.6,32.0,80005,1.0
2017-12-26,1903,1903.TW,上市,31.9,32.049999,31.75,31.75,84100,1.0
2017-12-27,1903,1903.TW,上市,32.0,32.099998,31.85,32.0,77090,1.0
2017-12-28,1903,1903.TW,上市,32.0,32.799999,32.0,32.799999,353430,1.0
2017-12-29,1903,1903.TW,上市,32.849998,32.950001,32.5,32.650002,194553,1.0
2018-01-02,1903,1903.TW,上市,32.5,32.849998,32.450001,32.5,22001,1.0
2018-01-03,1903,1903.TW,上市,32.650002,33.25,32.650002,32.900002,182616,1.0
2018-01-04,1903,1903.TW,上市,32.700001,32.849998,32.400002,32.450001,75081,1.0
2018-01-05,1903,1903.TW,上市,32.700001,32.75,32.5,32.549999,28001,1.0
2018-01-08,1903,1903.TW,上市,32.75,33.150002,32.700001,33.0,90786,1.0
2018-01-09,1903,1903.TW,上市,33.0,33.25,32.799999,33.0,116311,1.0
2018-01-10,1903,1903.TW,上市,33.0,33.5,32.849998,33.450001,171720,1.0
2018-01-11,1903,1903.TW,上市,33.150002,33.5,33.049999,33.150002,101003,1.0
2018-01-12,1903,1903.TW,上市,33.5,34.650002,33.5,34.049999,481718,1.0
2018-01-15,1903,1903.TW,上市,34.5,35.200001,34.099998,34.599998,220402,1.0
2018-01-16,1903,1903.TW,上市,34.599998,35.299999,34.099998,35.25,141202,1.0
2018-01-17,1903,1903.TW,上市,35.25,35.650002,34.900002,35.599998,118217,1.0
2018-01-18,1903,1903.TW,上市,35.650002,35.700001,34.599998,34.599998,69642,1.0
2018-01-19,1903,1903.TW,上市,34.599998,34.700001,33.849998,34.5,122423,1.0
2018-01-22,1903,1903.TW,上市,34.5,34.599998,34.400002,34.599998,15701,1.0
2018-01-23,1903,1903.TW,上市,34.599998,34.650002,34.299999,34.299999,22305,1.0
2018-01-24,1903,1903.TW,上市,34.450001,34.650002,34.099998,34.650002,37510,1.0
2018-01-25,1903,1903.TW,上市,34.599998,35.200001,34.400002,35.150002,136492,1.0
2018-01-26,1903,1903.TW,上市,35.150002,35.650002,35.150002,35.400002,147414,1.0
2018-01-29,1903,1903.TW,上市,34.849998,36.200001,34.849998,36.150002,186126,1.0
2018-01-30,1903,1903.TW,上市,36.25,37.299999,36.25,36.700001,303693,1.0
2018-01-31,1903,1903.TW,上市,36.200001,37.0,36.200001,36.5,127367,1.0
2018-02-01,1903,1903.TW,上市,36.799999,36.950001,36.349998,36.5,52200,1.0
2018-02-02,1903,1903.TW,上市,36.700001,36.950001,36.299999,36.299999,102301,1.0
2018-02-05,1903,1903.TW,上市,35.400002,35.799999,35.299999,35.650002,43204,1.0
2018-02-06,1903,1903.TW,上市,35.0,35.0,33.099998,33.599998,175364,1.0
2018-02-07,1903,1903.TW,上市,34.0,34.299999,33.599998,33.650002,59206,1.0
2018-02-08,1903,1903.TW,上市,33.650002,33.950001,33.299999,33.900002,35000,1.0
2018-02-09,1903,1903.TW,上市,33.0,33.400002,33.0,33.049999,61000,1.0
2018-02-12,1903,1903.TW,上市,33.299999,33.849998,33.049999,33.849998,23142,1.0
2018-02-21,1903,1903.TW,上市,34.0,34.299999,33.349998,34.200001,42029,1.0
2018-02-22,1903,1903.TW,上市,34.150002,34.450001,34.0,34.450001,15010,1.0
2018-02-23,1903,1903.TW,上市,34.650002,34.900002,34.599998,34.900002,27953,1.0
2018-02-26,1903,1903.TW,上市,37.799999,37.799999,36.099998,36.450001,276303,1.0
2018-02-27,1903,1903.TW,上市,36.450001,36.599998,35.25,35.799999,90116,1.0
2018-03-01,1903,1903.TW,上市,35.799999,36.25,35.700001,36.200001,38312,1.0
2018-03-02,1903,1903.TW,上市,35.549999,36.0,35.549999,35.650002,29028,1.0
2018-03-05,1903,1903.TW,上市,35.0,35.400002,34.599998,35.25,70007,1.0
2018-03-06,1903,1903.TW,上市,35.650002,35.650002,35.0,35.299999,46101,1.0
2018-03-07,1903,1903.TW,上市,35.099998,35.299999,35.099998,35.299999,10015,1.0
2018-03-08,1903,1903.TW,上市,35.5,35.5,34.799999,35.299999,47003,1.0
2018-03-09,1903,1903.TW,上市,35.299999,35.299999,35.0,35.299999,31003,1.0
2018-03-12,1903,1903.TW,上市,35.099998,35.299999,35.099998,35.200001,18018,1.0
2018-03-13,1903,1903.TW,上市,34.849998,35.450001,34.5,35.450001,36013,1.0
2018-03-14,1903,1903.TW,上市,35.349998,35.349998,35.349998,35.349998,1138,1.0
2018-03-15,1903,1903.TW,上市,34.950001,35.450001,34.950001,35.400002,9002,1.0
2018-03-16,1903,1903.TW,上市,35.75,36.0,35.400002,35.849998,24303,1.0
2018-03-19,1903,1903.TW,上市,36.0,36.0,35.400002,35.400002,30372,1.0
2018-03-20,1903,1903.TW,上市,35.599998,36.950001,35.599998,36.200001,43037,1.0
2018-03-21,1903,1903.TW,上市,36.200001,36.200001,35.700001,35.849998,26207,1.0
2018-03-22,1903,1903.TW,上市,36.0,36.049999,35.700001,35.700001,23041,1.0
2018-03-23,1903,1903.TW,上市,35.299999,35.299999,34.599998,35.049999,45004,1.0
2018-03-26,1903,1903.TW,上市,34.849998,35.349998,34.799999,35.349998,33308,1.0
2018-03-27,1903,1903.TW,上市,35.650002,35.700001,35.299999,35.299999,26811,1.0
2018-03-28,1903,1903.TW,上市,35.599998,35.599998,35.25,35.5,9097,1.0
2018-03-29,1903,1903.TW,上市,35.299999,35.299999,35.25,35.25,16081,1.0
2018-03-30,1903,1903.TW,上市,35.200001,35.349998,34.75,34.849998,18071,1.0
2018-04-02,1903,1903.TW,上市,34.549999,34.950001,34.299999,34.950001,7032,1.0
2018-04-03,1903,1903.TW,上市,34.5,35.0,34.5,34.549999,5047,1.0
2018-04-09,1903,1903.TW,上市,35.0,35.0,34.599998,34.700001,32072,1.0
2018-04-10,1903,1903.TW,上市,34.799999,35.150002,34.599998,35.150002,20070,1.0
2018-04-11,1903,1903.TW,上市,35.0,35.0,34.75,34.75,15003,1.0
2018-04-12,1903,1903.TW,上市,34.599998,34.599998,34.5,34.5,5166,1.0
2018-04-13,1903,1903.TW,上市,34.5,34.700001,34.450001,34.450001,20003,1.0
2018-04-16,1903,1903.TW,上市,33.849998,34.049999,33.849998,33.849998,34011,1.0
2018-04-17,1903,1903.TW,上市,33.549999,33.799999,33.5,33.799999,15173,1.0
2018-04-18,1903,1903.TW,上市,33.799999,34.5,33.799999,34.5,17032,1.0
2018-04-19,1903,1903.TW,上市,33.900002,33.900002,33.5,33.549999,53002,1.0
2018-04-20,1903,1903.TW,上市,33.700001,33.700001,33.5,33.5,11000,1.0
2018-04-23,1903,1903.TW,上市,33.5,33.5,33.049999,33.349998,62002,1.0
2018-04-24,1903,1903.TW,上市,33.099998,33.099998,32.700001,32.700001,21001,1.0
2018-04-25,1903,1903.TW,上市,32.5,32.900002,32.5,32.700001,38002,1.0
2018-04-26,1903,1903.TW,上市,32.700001,32.700001,32.450001,32.450001,26100,1.0
2018-04-27,1903,1903.TW,上市,33.200001,33.400002,32.549999,33.299999,16012,1.0
2018-04-30,1903,1903.TW,上市,33.700001,33.700001,32.900002,33.200001,15025,1.0
2018-05-02,1903,1903.TW,上市,33.200001,33.200001,32.849998,32.849998,5145,1.0
2018-05-03,1903,1903.TW,上市,32.799999,33.0,32.799999,32.849998,22002,1.0
2018-05-04,1903,1903.TW,上市,32.599998,32.849998,32.049999,32.549999,32001,1.0
2018-05-07,1903,1903.TW,上市,32.5,32.549999,32.5,32.5,7003,1.0
2018-05-08,1903,1903.TW,上市,32.700001,33.150002,32.5,33.150002,300002,1.0
2018-05-09,1903,1903.TW,上市,33.200001,33.450001,33.200001,33.450001,12295,1.0
2018-05-10,1903,1903.TW,上市,32.700001,32.950001,32.700001,32.950001,113011,1.0
2018-05-11,1903,1903.TW,上市,32.799999,33.450001,32.799999,33.450001,30006,1.0
2018-05-14,1903,1903.TW,上市,33.5,33.700001,32.799999,32.849998,65246,1.0
2018-05-15,1903,1903.TW,上市,32.799999,32.849998,32.700001,32.700001,39412,1.0
2018-05-16,1903,1903.TW,上市,32.650002,32.799999,32.0,32.400002,73002,1.0
2018-05-17,1903,1903.TW,上市,32.400002,32.700001,32.400002,32.700001,8168,1.0
2018-05-18,1903,1903.TW,上市,32.299999,32.799999,32.299999,32.799999,4002,1.0
2018-05-21,1903,1903.TW,上市,32.950001,32.950001,32.549999,32.849998,14013,1.0
2018-05-22,1903,1903.TW,上市,32.799999,32.799999,32.299999,32.299999,33002,1.0
2018-05-23,1903,1903.TW,上市,32.400002,32.400002,32.200001,32.200001,10086,1.0
2018-05-24,1903,1903.TW,上市,32.200001,32.299999,32.099998,32.200001,32564,1.0
2018-05-25,1903,1903.TW,上市,32.150002,32.150002,31.9,31.9,54011,1.0
2018-05-28,1903,1903.TW,上市,31.799999,32.0,31.450001,31.450001,84006,1.0
2018-05-29,1903,1903.TW,上市,31.450001,32.049999,31.25,32.049999,32390,1.0
2018-05-30,1903,1903.TW,上市,32.0,32.0,32.0,32.0,3002,1.0
2018-05-31,1903,1903.TW,上市,32.0,32.150002,32.0,32.099998,11412,1.0
2018-06-01,1903,1903.TW,上市,32.150002,32.150002,31.75,31.75,17609,1.0
2018-06-04,1903,1903.TW,上市,31.799999,32.200001,31.75,31.85,24001,1.0
2018-06-05,1903,1903.TW,上市,31.85,32.099998,31.85,31.950001,16010,1.0
2018-06-06,1903,1903.TW,上市,31.950001,34.5,31.799999,34.5,102410,1.0
2018-06-07,1903,1903.TW,上市,33.799999,33.950001,33.049999,33.049999,46227,1.0
2018-06-08,1903,1903.TW,上市,32.849998,33.049999,32.650002,32.900002,13549,1.0
2018-06-11,1903,1903.TW,上市,32.599998,32.599998,32.299999,32.349998,28969,1.0
2018-06-12,1903,1903.TW,上市,32.25,32.700001,32.200001,32.700001,7002,1.0
2018-06-13,1903,1903.TW,上市,32.75,32.75,32.450001,32.450001,14573,1.0
2018-06-14,1903,1903.TW,上市,32.450001,32.450001,32.150002,32.150002,15954,1.0
2018-06-15,1903,1903.TW,上市,32.200001,32.200001,32.099998,32.200001,12000,1.0
2018-06-19,1903,1903.TW,上市,31.950001,32.0,31.9,31.9,16003,1.0
2018-06-20,1903,1903.TW,上市,31.85,32.599998,31.700001,32.450001,32304,1.0
2018-06-21,1903,1903.TW,上市,32.349998,32.450001,31.85,32.25,30258,1.0
2018-06-22,1903,1903.TW,上市,32.150002,32.150002,31.950001,32.099998,25000,1.0
2018-06-25,1903,1903.TW,上市,32.099998,32.099998,32.099998,32.099998,3641,1.0
2018-06-26,1903,1903.TW,上市,31.799999,32.549999,31.799999,32.549999,31011,1.0
2018-06-27,1903,1903.TW,上市,32.200001,32.599998,32.099998,32.099998,25000,1.0
2018-06-28,1903,1903.TW,上市,32.5,32.799999,32.0,32.099998,40000,1.0
2018-06-29,1903,1903.TW,上市,32.099998,32.099998,32.099998,32.099998,2050,1.0
2018-07-02,1903,1903.TW,上市,32.099998,32.299999,31.799999,31.799999,30004,1.0
2018-07-03,1903,1903.TW,上市,31.700001,31.700001,31.1,31.1,23015,1.0
2018-07-04,1903,1903.TW,上市,31.0,31.4,31.0,31.4,29003,1.0
2018-07-05,1903,1903.TW,上市,31.200001,31.5,31.200001,31.25,26001,1.0
2018-07-06,1903,1903.TW,上市,31.5,31.75,31.450001,31.450001,15041,1.0
2018-07-09,1903,1903.TW,上市,31.1,31.9,31.0,31.9,32325,1.0
2018-07-10,1903,1903.TW,上市,31.700001,32.099998,31.700001,32.099998,3230,1.0
2018-07-11,1903,1903.TW,上市,31.9,32.25,31.9,32.099998,19015,1.0
2018-07-12,1903,1903.TW,上市,32.0,32.0,32.0,32.0,3009,1.0
2018-07-13,1903,1903.TW,上市,31.9,32.599998,31.5,32.549999,30157,1.0
2018-07-16,1903,1903.TW,上市,32.549999,32.549999,32.0,32.400002,18004,1.0
2018-07-17,1903,1903.TW,上市,32.0,32.599998,32.0,32.549999,10138,1.0
2018-07-18,1903,1903.TW,上市,32.650002,32.950001,32.25,32.950001,40317,1.0
2018-07-19,1903,1903.TW,上市,32.700001,32.849998,32.650002,32.799999,23116,1.0
2018-07-20,1903,1903.TW,上市,32.900002,33.0,32.700001,32.700001,21005,1.0
2018-07-23,1903,1903.TW,上市,32.349998,32.349998,32.299999,32.299999,2090,1.0
2018-07-24,1903,1903.TW,上市,32.299999,32.5,32.299999,32.5,11925,1.0
2018-07-25,1903,1903.TW,上市,32.5,32.5,32.299999,32.400002,14012,1.0
2018-07-26,1903,1903.TW,上市,32.400002,32.549999,32.299999,32.549999,15001,1.0
2018-07-27,1903,1903.TW,上市,32.599998,32.700001,32.400002,32.5,60024,1.0
2018-07-30,1903,1903.TW,上市,32.5,32.599998,32.200001,32.5,36002,1.0
2018-07-31,1903,1903.TW,上市,32.5,32.549999,32.099998,32.099998,14026,1.0
2018-08-01,1903,1903.TW,上市,32.049999,32.349998,32.049999,32.349998,15008,1.0
2018-08-02,1903,1903.TW,上市,32.0,32.200001,31.5,31.700001,101217,1.0
2018-08-03,1903,1903.TW,上市,31.6,32.0,31.5,31.799999,188007,1.0
2018-08-06,1903,1903.TW,上市,31.65,31.700001,31.5,31.549999,79105,1.0
2018-08-07,1903,1903.TW,上市,31.6,31.6,31.35,31.6,65509,1.0
2018-08-08,1903,1903.TW,上市,31.85,32.549999,31.75,32.349998,48500,1.0
2018-08-09,1903,1903.TW,上市,31.85,32.400002,31.85,32.299999,32138,1.0
2018-08-10,1903,1903.TW,上市,32.049999,32.099998,31.9,31.9,12004,1.0
2018-08-13,1903,1903.TW,上市,31.799999,31.799999,31.65,31.75,9001,1.0
2018-08-14,1903,1903.TW,上市,31.6,31.6,31.5,31.5,9001,1.0
2018-08-15,1903,1903.TW,上市,31.799999,31.799999,31.35,31.35,25000,1.0
2018-08-16,1903,1903.TW,上市,31.299999,31.799999,31.299999,31.799999,16018,1.0
2018-08-17,1903,1903.TW,上市,31.9,32.0,31.549999,31.549999,6002,1.0
2018-08-20,1903,1903.TW,上市,31.549999,31.950001,31.549999,31.75,27000,1.0
2018-08-21,1903,1903.TW,上市,31.75,32.150002,31.75,32.0,26001,1.0
2018-08-22,1903,1903.TW,上市,31.6,32.0,31.6,31.950001,12077,1.0
2018-08-23,1903,1903.TW,上市,31.6,31.799999,31.6,31.799999,28001,1.0
2018-08-24,1903,1903.TW,上市,31.799999,31.799999,31.65,31.75,9000,1.0
2018-08-27,1903,1903.TW,上市,31.75,31.75,31.4,31.4,48462,1.0
2018-08-28,1903,1903.TW,上市,31.5,31.6,31.5,31.5,14000,1.0
2018-08-29,1903,1903.TW,上市,31.5,31.549999,31.5,31.5,32138,1.0
2018-08-30,1903,1903.TW,上市,31.5,31.5,31.5,31.5,12026,1.0
2018-08-31,1903,1903.TW,上市,31.65,31.700001,31.6,31.65,39001,1.0
2018-09-03,1903,1903.TW,上市,31.85,31.9,31.549999,31.6,11221,1.0
2018-09-04,1903,1903.TW,上市,31.549999,31.6,31.5,31.6,19004,1.0
2018-09-05,1903,1903.TW,上市,31.450001,31.6,31.450001,31.6,2000,1.0
2018-09-06,1903,1903.TW,上市,31.6,31.700001,31.549999,31.700001,9415,1.0
2018-09-07,1903,1903.TW,上市,31.6,31.6,31.4,31.6,17157,1.0
2018-09-10,1903,1903.TW,上市,31.299999,31.65,31.15,31.6,28002,1.0
2018-09-11,1903,1903.TW,上市,31.299999,31.6,31.25,31.6,21002,1.0
2018-09-12,1903,1903.TW,上市,31.299999,31.549999,31.25,31.549999,18001,1.0
2018-09-13,1903,1903.TW,上市,31.549999,31.950001,31.5,31.799999,27001,1.0
2018-09-14,1903,1903.TW,上市,31.9,31.950001,31.85,31.950001,45020,1.0
2018-09-17,1903,1903.TW,上市,31.950001,32.0,31.700001,31.9,28003,1.0
2018-09-18,1903,1903.TW,上市,31.9,32.0,31.6,32.0,23127,1.0
2018-09-19,1903,1903.TW,上市,32.400002,32.400002,32.0,32.0,38162,1.0
2018-09-20,1903,1903.TW,上市,32.450001,32.450001,31.9,32.0,52049,1.0
2018-09-21,1903,1903.TW,上市,32.0,32.299999,32.0,32.299999,61200,1.0
2018-09-25,1903,1903.TW,上市,32.349998,32.349998,32.0,32.299999,16004,1.0
2018-09-26,1903,1903.TW,上市,32.349998,32.349998,32.299999,32.349998,16002,1.0
2018-09-27,1903,1903.TW,上市,32.349998,32.349998,32.150002,32.349998,13000,1.0
2018-09-28,1903,1903.TW,上市,32.150002,32.150002,32.099998,32.099998,20101,1.0
2018-10-01,1903,1903.TW,上市,32.25,32.299999,32.150002,32.299999,22221,1.0
2018-10-02,1903,1903.TW,上市,32.299999,32.299999,32.200001,32.200001,11001,1.0
2018-10-03,1903,1903.TW,上市,32.049999,32.450001,31.950001,32.099998,74006,1.0
2018-10-04,1903,1903.TW,上市,31.700001,31.9,31.700001,31.9,24100,1.0
2018-10-05,1903,1903.TW,上市,31.700001,31.9,31.25,31.5,24003,1.0
2018-10-08,1903,1903.TW,上市,31.5,31.5,31.200001,31.5,7003,1.0
2018-10-09,1903,1903.TW,上市,31.200001,31.799999,31.0,31.799999,47001,1.0
2018-10-11,1903,1903.TW,上市,31.35,31.35,30.049999,30.75,79056,1.0
2018-10-12,1903,1903.TW,上市,29.6,30.5,29.6,30.5,66524,1.0
2018-10-15,1903,1903.TW,上市,29.799999,30.299999,29.799999,29.950001,27000,1.0
2018-10-16,1903,1903.TW,上市,29.950001,29.950001,29.950001,29.950001,0,1.0
2018-10-17,1903,1903.TW,上市,30.299999,30.5,30.200001,30.450001,32039,1.0
2018-10-18,1903,1903.TW,上市,30.1,30.6,30.1,30.6,7018,1.0
2018-10-19,1903,1903.TW,上市,30.6,30.65,30.5,30.65,20000,1.0
2018-10-22,1903,1903.TW,上市,30.0,30.700001,30.0,30.700001,17010,1.0
2018-10-23,1903,1903.TW,上市,30.5,30.700001,30.1,30.700001,24051,1.0
2018-10-24,1903,1903.TW,上市,30.200001,30.5,30.1,30.15,28000,1.0
2018-10-25,1903,1903.TW,上市,29.65,29.85,29.6,29.85,23268,1.0
2018-10-26,1903,1903.TW,上市,30.25,30.25,29.549999,29.9,24000,1.0
2018-10-29,1903,1903.TW,上市,29.950001,29.950001,29.799999,29.9,6000,1.0
2018-10-30,1903,1903.TW,上市,29.5,29.85,28.5,29.85,65000,1.0
2018-10-31,1903,1903.TW,上市,29.799999,30.1,29.5,30.1,15001,1.0
2018-11-01,1903,1903.TW,上市,30.299999,30.299999,30.299999,30.299999,3432,1.0
2018-11-02,1903,1903.TW,上市,29.75,30.1,29.5,30.1,16000,1.0
2018-11-05,1903,1903.TW,上市,30.1,30.1,30.1,30.1,0,1.0
2018-11-06,1903,1903.TW,上市,30.15,30.15,30.0,30.049999,5201,1.0
2018-11-07,1903,1903.TW,上市,30.049999,30.049999,30.049999,30.049999,0,1.0
2018-11-08,1903,1903.TW,上市,30.049999,30.15,30.0,30.15,28073,1.0
2018-11-09,1903,1903.TW,上市,30.200001,30.200001,30.0,30.049999,7100,1.0
2018-11-12,1903,1903.TW,上市,29.6,30.1,29.6,30.0,5171,1.0
2018-11-13,1903,1903.TW,上市,29.5,29.799999,29.5,29.5,17001,1.0
2018-11-14,1903,1903.TW,上市,29.6,30.0,29.4,30.0,22087,1.0
2018-11-15,1903,1903.TW,上市,29.65,30.0,29.65,30.0,6107,1.0
2018-11-16,1903,1903.TW,上市,30.1,30.1,29.950001,30.0,7052,1.0
2018-11-19,1903,1903.TW,上市,29.799999,30.0,29.799999,30.0,6001,1.0
2018-11-20,1903,1903.TW,上市,29.65,30.0,29.65,30.0,4000,1.0
2018-11-21,1903,1903.TW,上市,30.0,30.0,30.0,30.0,1001,1.0
2018-11-22,1903,1903.TW,上市,30.0,30.0,29.700001,30.0,7000,1.0
2018-11-23,1903,1903.TW,上市,29.799999,29.950001,29.700001,29.950001,15001,1.0
2018-11-26,1903,1903.TW,上市,29.950001,30.4,29.950001,30.299999,40004,1.0
2018-11-27,1903,1903.TW,上市,30.299999,30.299999,30.299999,30.299999,0,1.0
2018-11-28,1903,1903.TW,上市,30.15,30.15,30.049999,30.15,19001,1.0
2018-11-29,1903,1903.TW,上市,30.15,30.15,30.15,30.15,0,1.0
2018-11-30,1903,1903.TW,上市,30.450001,30.450001,30.1,30.1,16101,1.0
2018-12-03,1903,1903.TW,上市,30.1,30.299999,30.1,30.299999,25101,1.0
2018-12-04,1903,1903.TW,上市,29.9,30.15,29.9,30.0,33178,1.0
2018-12-05,1903,1903.TW,上市,30.0,30.0,30.0,30.0,0,1.0
2018-12-06,1903,1903.TW,上市,29.65,29.75,29.299999,29.299999,56086,1.0
2018-12-07,1903,1903.TW,上市,29.65,30.0,29.6,30.0,29001,1.0
2018-12-10,1903,1903.TW,上市,30.0,30.0,29.5,29.85,28001,1.0
2018-12-11,1903,1903.TW,上市,29.85,29.85,29.85,29.85,0,1.0
2018-12-12,1903,1903.TW,上市,29.85,29.85,29.85,29.85,0,1.0
2018-12-13,1903,1903.TW,上市,30.049999,30.1,29.950001,30.0,13002,1.0
2018-12-14,1903,1903.TW,上市,30.0,30.0,29.9,30.0,8006,1.0
2018-12-17,1903,1903.TW,上市,30.0,30.0,30.0,30.0,0,1.0
2018-12-18,1903,1903.TW,上市,29.6,29.9,29.6,29.9,8006,1.0
2018-12-19,1903,1903.TW,上市,29.9,29.9,29.9,29.9,0,1.0
2018-12-20,1903,1903.TW,上市,29.5,29.950001,29.5,29.950001,12001,1.0
2018-12-21,1903,1903.TW,上市,29.5,29.85,29.4,29.700001,15004,1.0
2018-12-24,1903,1903.TW,上市,29.85,29.85,29.85,29.85,0,1.0
2018-12-25,1903,1903.TW,上市,29.65,29.85,29.4,29.85,10002,1.0
2018-12-26,1903,1903.TW,上市,30.0,30.0,29.9,29.9,9008,1.0
2018-12-27,1903,1903.TW,上市,29.950001,30.049999,29.9,29.9,15000,1.0
2018-12-28,1903,1903.TW,上市,29.65,30.0,29.65,30.0,7001,1.0
2019-01-02,1903,1903.TW,上市,30.200001,30.200001,29.9,29.9,7034,1.0
2019-01-03,1903,1903.TW,上市,29.700001,29.9,29.700001,29.9,5000,1.0
2019-01-04,1903,1903.TW,上市,29.9,30.25,29.9,30.25,6110,1.0
2019-01-07,1903,1903.TW,上市,30.299999,30.4,30.1,30.1,27059,1.0
2019-01-08,1903,1903.TW,上市,30.0,30.0,29.6,29.799999,20061,1.0
2019-01-09,1903,1903.TW,上市,30.1,30.15,30.049999,30.1,8001,1.0
2019-01-10,1903,1903.TW,上市,30.15,30.299999,30.0,30.15,49003,1.0
2019-01-11,1903,1903.TW,上市,30.200001,30.299999,29.85,30.0,38000,1.0
2019-01-14,1903,1903.TW,上市,30.0,30.1,29.9,29.9,26006,1.0
2019-01-15,1903,1903.TW,上市,30.0,30.200001,30.0,30.0,26001,1.0
2019-01-16,1903,1903.TW,上市,30.0,30.0,29.9,29.9,22050,1.0
2019-01-17,1903,1903.TW,上市,30.0,30.299999,29.9,30.299999,38510,1.0
2019-01-18,1903,1903.TW,上市,30.299999,30.4,30.299999,30.299999,13113,1.0
2019-01-21,1903,1903.TW,上市,30.5,30.799999,30.5,30.700001,40007,1.0
2019-01-22,1903,1903.TW,上市,30.4,30.5,30.35,30.35,17079,1.0
2019-01-23,1903,1903.TW,上市,30.25,30.35,30.200001,30.35,12002,1.0
2019-01-24,1903,1903.TW,上市,30.25,30.700001,30.25,30.6,19058,1.0
2019-01-25,1903,1903.TW,上市,30.85,30.85,30.25,30.799999,34004,1.0
2019-01-28,1903,1903.TW,上市,30.4,30.549999,30.4,30.549999,15012,1.0
2019-01-29,1903,1903.TW,上市,30.6,30.6,29.799999,30.0,53005,1.0
2019-01-30,1903,1903.TW,上市,30.049999,30.200001,30.049999,30.200001,19004,1.0
2019-02-11,1903,1903.TW,上市,30.200001,30.299999,30.1,30.299999,26364,1.0
2019-02-12,1903,1903.TW,上市,30.35,30.700001,30.35,30.5,32008,1.0
2019-02-13,1903,1903.TW,上市,30.299999,30.549999,30.299999,30.549999,51203,1.0
2019-02-14,1903,1903.TW,上市,30.35,30.85,30.299999,30.85,53160,1.0
2019-02-15,1903,1903.TW,上市,30.85,31.200001,30.700001,31.1,49153,1.0
2019-02-18,1903,1903.TW,上市,31.049999,31.25,31.0,31.25,87010,1.0
2019-02-19,1903,1903.TW,上市,31.25,31.6,31.25,31.35,56596,1.0
2019-02-20,1903,1903.TW,上市,31.549999,31.6,31.4,31.6,55215,1.0
2019-02-21,1903,1903.TW,上市,31.5,31.700001,31.4,31.4,33011,1.0
2019-02-22,1903,1903.TW,上市,31.4,31.4,31.200001,31.35,56061,1.0
2019-02-25,1903,1903.TW,上市,31.1,31.35,31.1,31.299999,22085,1.0
2019-02-26,1903,1903.TW,上市,31.799999,31.799999,31.799999,31.799999,1018,1.0
2019-02-27,1903,1903.TW,上市,31.700001,31.799999,31.299999,31.35,68107,1.0
2019-03-04,1903,1903.TW,上市,31.4,31.4,31.35,31.35,43070,1.0
2019-03-05,1903,1903.TW,上市,31.450001,31.65,31.450001,31.65,30015,1.0
2019-03-06,1903,1903.TW,上市,31.700001,32.299999,31.700001,32.299999,52166,1.0
2019-03-07,1903,1903.TW,上市,32.049999,32.349998,32.0,32.349998,26355,1.0
2019-03-08,1903,1903.TW,上市,32.299999,32.75,32.299999,32.700001,46009,1.0
2019-03-11,1903,1903.TW,上市,32.900002,33.0,32.599998,33.0,24017,1.0
2019-03-12,1903,1903.TW,上市,33.0,33.150002,32.900002,33.150002,38105,1.0
2019-03-13,1903,1903.TW,上市,33.150002,33.200001,33.0,33.150002,38273,1.0
2019-03-14,1903,1903.TW,上市,33.049999,33.25,32.900002,33.0,87017,1.0
2019-03-15,1903,1903.TW,上市,33.0,33.150002,32.849998,33.150002,22007,1.0
2019-03-18,1903,1903.TW,上市,32.900002,33.150002,32.900002,33.150002,12552,1.0
2019-03-19,1903,1903.TW,上市,33.099998,33.099998,32.799999,33.099998,32011,1.0
2019-03-20,1903,1903.TW,上市,33.0,33.200001,33.0,33.200001,50015,1.0
2019-03-21,1903,1903.TW,上市,33.099998,33.099998,32.799999,32.799999,61502,1.0
2019-03-22,1903,1903.TW,上市,32.849998,33.099998,32.799999,33.099998,31012,1.0
2019-03-25,1903,1903.TW,上市,33.099998,33.099998,32.950001,32.950001,6004,1.0
2019-03-26,1903,1903.TW,上市,32.950001,33.5,32.849998,33.400002,104140,1.0
2019-03-27,1903,1903.TW,上市,33.400002,33.5,33.099998,33.5,14259,1.0
2019-03-28,1903,1903.TW,上市,33.299999,33.400002,33.0,33.400002,7897,1.0
2019-03-29,1903,1903.TW,上市,33.400002,33.650002,33.400002,33.549999,42254,1.0
2019-04-01,1903,1903.TW,上市,33.5,33.5,32.799999,32.900002,20442,1.0
2019-04-02,1903,1903.TW,上市,32.900002,33.099998,32.900002,33.099998,10064,1.0
2019-04-03,1903,1903.TW,上市,33.200001,33.299999,32.900002,33.200001,10077,1.0
2019-04-08,1903,1903.TW,上市,33.400002,33.799999,33.200001,33.799999,38095,1.0
2019-04-09,1903,1903.TW,上市,33.799999,34.099998,33.599998,34.099998,42710,1.0
2019-04-10,1903,1903.TW,上市,34.0,34.349998,33.799999,34.349998,21402,1.0
2019-04-11,1903,1903.TW,上市,34.299999,34.299999,33.799999,34.0,15155,1.0
2019-04-12,1903,1903.TW,上市,33.799999,34.099998,33.650002,34.099998,7215,1.0
2019-04-15,1903,1903.TW,上市,34.099998,34.349998,33.950001,34.349998,13043,1.0
2019-04-16,1903,1903.TW,上市,34.049999,34.099998,33.900002,33.900002,12035,1.0
2019-04-17,1903,1903.TW,上市,33.849998,36.5,33.849998,36.349998,109208,1.0
2019-04-18,1903,1903.TW,上市,36.349998,36.549999,35.150002,35.849998,83132,1.0
2019-04-19,1903,1903.TW,上市,36.299999,36.299999,35.5,35.900002,52282,1.0
2019-04-22,1903,1903.TW,上市,35.849998,35.849998,34.700001,35.599998,54198,1.0
2019-04-23,1903,1903.TW,上市,35.0,35.299999,34.75,35.299999,25856,1.0
2019-04-24,1903,1903.TW,上市,34.900002,35.349998,34.650002,35.0,70005,1.0
2019-04-25,1903,1903.TW,上市,35.450001,35.450001,35.450001,35.450001,5001,1.0
2019-04-26,1903,1903.TW,上市,35.0,35.299999,35.0,35.299999,8003,1.0
2019-04-29,1903,1903.TW,上市,34.650002,34.650002,34.200001,34.599998,29698,1.0
2019-04-30,1903,1903.TW,上市,34.349998,34.349998,32.799999,32.799999,180872,1.0
2019-05-02,1903,1903.TW,上市,32.900002,33.0,32.5,32.650002,35002,1.0
2019-05-03,1903,1903.TW,上市,33.25,33.25,32.299999,33.25,71110,1.0
2019-05-06,1903,1903.TW,上市,32.599998,33.25,32.599998,33.0,36002,1.0
2019-05-07,1903,1903.TW,上市,32.450001,33.0,32.450001,32.599998,20041,1.0
2019-05-08,1903,1903.TW,上市,32.599998,32.700001,32.450001,32.549999,35062,1.0
2019-05-09,1903,1903.TW,上市,32.950001,32.950001,32.0,32.0,82000,1.0
2019-05-10,1903,1903.TW,上市,31.799999,31.799999,31.549999,31.6,90050,1.0
2019-05-13,1903,1903.TW,上市,31.85,31.85,31.75,31.85,8006,1.0
2019-05-14,1903,1903.TW,上市,32.0,32.200001,31.5,32.200001,19169,1.0
2019-05-15,1903,1903.TW,上市,32.200001,32.200001,31.6,31.65,50010,1.0
2019-05-16,1903,1903.TW,上市,31.65,31.950001,31.65,31.799999,8025,1.0
2019-05-17,1903,1903.TW,上市,31.799999,32.75,31.799999,32.450001,55064,1.0
2019-05-20,1903,1903.TW,上市,32.450001,32.799999,32.25,32.25,29046,1.0
2019-05-21,1903,1903.TW,上市,31.85,32.0,31.549999,31.700001,190002,1.0
2019-05-22,1903,1903.TW,上市,31.700001,32.049999,31.65,32.049999,14100,1.0
2019-05-23,1903,1903.TW,上市,31.35,31.6,31.0,31.6,46000,1.0
2019-05-24,1903,1903.TW,上市,31.6,31.9,31.6,31.799999,22001,1.0
2019-05-27,1903,1903.TW,上市,31.85,32.349998,31.799999,32.299999,148004,1.0
2019-05-28,1903,1903.TW,上市,32.299999,32.299999,31.6,32.099998,185150,1.0
2019-05-29,1903,1903.TW,上市,32.099998,32.099998,31.450001,31.950001,11005,1.0
2019-05-30,1903,1903.TW,上市,31.9,32.299999,30.0,30.75,825223,1.0
2019-05-31,1903,1903.TW,上市,30.5,31.299999,30.5,31.25,157515,1.0
2019-06-03,1903,1903.TW,上市,30.75,31.4,30.549999,31.200001,68264,1.0
2019-06-04,1903,1903.TW,上市,31.0,31.200001,30.799999,30.950001,22349,1.0
2019-06-05,1903,1903.TW,上市,30.950001,31.15,30.700001,31.15,38205,1.0
2019-06-06,1903,1903.TW,上市,31.15,31.200001,30.799999,31.200001,14360,1.0
2019-06-10,1903,1903.TW,上市,30.799999,30.85,30.6,30.85,55551,1.0
2019-06-11,1903,1903.TW,上市,30.75,31.0,30.65,31.0,13093,1.0
2019-06-12,1903,1903.TW,上市,30.6,31.049999,30.549999,30.9,41454,1.0
2019-06-13,1903,1903.TW,上市,31.0,31.25,31.0,31.15,30321,1.0
2019-06-14,1903,1903.TW,上市,31.15,31.25,31.15,31.25,15479,1.0
2019-06-17,1903,1903.TW,上市,31.1,31.15,31.0,31.0,19074,1.0
2019-06-18,1903,1903.TW,上市,31.0,31.1,30.700001,31.049999,73002,1.0
2019-06-19,1903,1903.TW,上市,30.85,31.200001,30.700001,31.0,54049,1.0
2019-06-20,1903,1903.TW,上市,31.049999,31.1,30.9,31.1,17101,1.0
2019-06-21,1903,1903.TW,上市,30.9,31.15,30.9,31.15,28193,1.0
2019-06-24,1903,1903.TW,上市,31.0,31.4,31.0,31.4,39005,1.0
2019-06-25,1903,1903.TW,上市,31.200001,31.200001,31.049999,31.049999,6106,1.0
2019-06-26,1903,1903.TW,上市,31.0,31.0,30.75,31.0,35678,1.0
2019-06-27,1903,1903.TW,上市,31.049999,31.25,30.9,31.25,31208,1.0
2019-06-28,1903,1903.TW,上市,30.950001,31.25,30.950001,31.25,13014,1.0
2019-07-01,1903,1903.TW,上市,31.25,31.25,31.049999,31.200001,16315,1.0
2019-07-02,1903,1903.TW,上市,30.9,31.4,30.9,31.4,5100,1.0
2019-07-03,1903,1903.TW,上市,31.200001,31.200001,31.0,31.0,37098,1.0
2019-07-04,1903,1903.TW,上市,31.25,31.25,30.799999,31.1,64409,1.0
2019-07-05,1903,1903.TW,上市,31.85,31.85,31.299999,31.450001,45505,1.0
2019-07-08,1903,1903.TW,上市,31.15,31.35,31.1,31.35,9202,1.0
2019-07-09,1903,1903.TW,上市,31.1,31.5,31.1,31.4,44400,1.0
2019-07-10,1903,1903.TW,上市,31.4,31.6,31.200001,31.6,8531,1.0
2019-07-11,1903,1903.TW,上市,31.6,31.9,31.35,31.75,45645,1.0
2019-07-12,1903,1903.TW,上市,31.35,31.450001,31.35,31.4,8658,1.0
2019-07-15,1903,1903.TW,上市,31.5,32.25,31.4,32.0,116054,1.0
2019-07-16,1903,1903.TW,上市,32.0,32.0,31.700001,32.0,10002,1.0
2019-07-17,1903,1903.TW,上市,32.0,32.25,31.700001,32.200001,100000,1.0
2019-07-18,1903,1903.TW,上市,32.150002,32.150002,32.150002,32.150002,2001,1.0
2019-07-19,1903,1903.TW,上市,32.150002,32.25,31.75,31.799999,25317,1.0
2019-07-22,1903,1903.TW,上市,32.299999,32.349998,32.299999,32.349998,33001,1.0
2019-07-23,1903,1903.TW,上市,31.85,32.0,31.549999,31.700001,56238,1.0
2019-07-24,1903,1903.TW,上市,31.799999,32.200001,31.799999,31.799999,15101,1.0
2019-07-25,1903,1903.TW,上市,31.85,32.200001,31.799999,31.85,14166,1.0
2019-07-26,1903,1903.TW,上市,31.85,32.049999,31.85,31.950001,19000,1.0
2019-07-29,1903,1903.TW,上市,31.65,32.0,31.65,32.0,13000,1.0
2019-07-30,1903,1903.TW,上市,31.65,32.0,31.65,32.0,16221,1.0
2019-07-31,1903,1903.TW,上市,32.0,32.099998,32.0,32.0,99496,1.0
2019-08-01,1903,1903.TW,上市,32.0,32.0,31.9,32.0,10000,1.0
2019-08-02,1903,1903.TW,上市,31.950001,31.950001,31.35,31.700001,11709,1.0
2019-08-05,1903,1903.TW,上市,31.65,31.65,31.450001,31.450001,8001,1.0
2019-08-06,1903,1903.TW,上市,30.549999,31.4,30.549999,31.4,49426,1.0
2019-08-07,1903,1903.TW,上市,31.200001,31.65,31.200001,31.5,23002,1.0
2019-08-08,1903,1903.TW,上市,31.549999,31.549999,31.5,31.549999,17001,1.0
2019-08-12,1903,1903.TW,上市,31.15,31.9,31.15,31.9,65202,1.0
2019-08-13,1903,1903.TW,上市,31.950001,31.950001,31.950001,31.950001,3000,1.0
2019-08-14,1903,1903.TW,上市,31.549999,31.950001,31.549999,31.950001,9002,1.0
2019-08-15,1903,1903.TW,上市,31.5,31.9,31.5,31.799999,7032,1.0
2019-08-16,1903,1903.TW,上市,31.799999,31.799999,31.799999,31.799999,0,1.0
2019-08-19,1903,1903.TW,上市,31.549999,31.549999,31.1,31.200001,43003,1.0
2019-08-20,1903,1903.TW,上市,31.200001,31.299999,31.049999,31.049999,21022,1.0
2019-08-21,1903,1903.TW,上市,31.049999,31.75,31.0,31.700001,49527,1.0
2019-08-22,1903,1903.TW,上市,31.6,31.6,31.25,31.549999,13955,1.0
2019-08-23,1903,1903.TW,上市,31.5,31.75,31.5,31.75,47080,1.0
2019-08-26,1903,1903.TW,上市,31.299999,31.700001,31.299999,31.700001,4007,1.0
2019-08-27,1903,1903.TW,上市,31.700001,31.700001,31.700001,31.700001,0,1.0
2019-08-28,1903,1903.TW,上市,31.299999,31.65,31.299999,31.65,10003,1.0
2019-08-29,1903,1903.TW,上市,31.700001,31.700001,31.5,31.700001,11208,1.0
2019-08-30,1903,1903.TW,上市,31.6,31.700001,31.6,31.700001,9100,1.0
2019-09-02,1903,1903.TW,上市,31.5,31.75,31.5,31.75,38211,1.0
2019-09-03,1903,1903.TW,上市,31.700001,31.700001,31.700001,31.700001,20006,1.0
2019-09-04,1903,1903.TW,上市,31.700001,31.700001,31.700001,31.700001,0,1.0
2019-09-05,1903,1903.TW,上市,32.099998,32.099998,31.5,32.0,83166,1.0
2019-09-06,1903,1903.TW,上市,32.0,32.0,31.9,32.0,3248,1.0
2019-09-10,1903,1903.TW,上市,31.35,32.0,31.0,31.5,78002,1.0
2019-09-11,1903,1903.TW,上市,31.450001,31.549999,31.450001,31.5,4005,1.0
2019-09-12,1903,1903.TW,上市,31.299999,31.799999,31.15,31.799999,31431,1.0
2019-09-16,1903,1903.TW,上市,31.25,31.9,31.25,31.9,33700,1.0
2019-09-17,1903,1903.TW,上市,31.950001,32.200001,31.9,32.200001,62002,1.0
2019-09-18,1903,1903.TW,上市,32.150002,32.75,32.150002,32.75,58060,1.0
2019-09-19,1903,1903.TW,上市,32.700001,32.849998,32.400002,32.849998,48200,1.0
2019-09-20,1903,1903.TW,上市,32.799999,32.900002,32.450001,32.900002,47027,1.0
2019-09-23,1903,1903.TW,上市,32.900002,32.900002,32.549999,32.849998,10336,1.0
2019-09-24,1903,1903.TW,上市,32.700001,32.700001,32.299999,32.650002,23201,1.0
2019-09-25,1903,1903.TW,上市,32.5,32.900002,32.5,32.900002,26419,1.0
2019-09-26,1903,1903.TW,上市,32.900002,32.900002,32.400002,32.400002,30002,1.0
2019-09-27,1903,1903.TW,上市,31.200001,32.0,31.200001,31.700001,97012,1.0
2019-10-01,1903,1903.TW,上市,31.700001,31.700001,30.9,30.9,60641,1.0
2019-10-02,1903,1903.TW,上市,30.85,31.15,30.85,31.049999,16065,1.0
2019-10-03,1903,1903.TW,上市,31.049999,31.450001,31.049999,31.450001,7101,1.0
2019-10-04,1903,1903.TW,上市,31.25,31.4,30.9,31.299999,39427,1.0
2019-10-07,1903,1903.TW,上市,31.299999,31.299999,31.0,31.049999,21365,1.0
2019-10-08,1903,1903.TW,上市,31.0,31.200001,31.0,31.049999,5199,1.0
2019-10-09,1903,1903.TW,上市,31.0,31.5,31.0,31.450001,16447,1.0
2019-10-14,1903,1903.TW,上市,31.35,31.9,31.35,31.9,34110,1.0
2019-10-15,1903,1903.TW,上市,31.9,32.099998,31.9,32.099998,17200,1.0
2019-10-16,1903,1903.TW,上市,31.6,32.849998,31.6,32.849998,71699,1.0
2019-10-17,1903,1903.TW,上市,32.849998,33.0,32.400002,32.700001,38353,1.0
2019-10-18,1903,1903.TW,上市,32.599998,32.700001,32.549999,32.700001,20102,1.0
2019-10-21,1903,1903.TW,上市,32.5,35.900002,32.5,35.75,238102,1.0
2019-10-22,1903,1903.TW,上市,35.700001,35.700001,34.150002,34.700001,171450,1.0
2019-10-23,1903,1903.TW,上市,34.5,35.299999,34.200001,34.900002,143008,1.0
2019-10-24,1903,1903.TW,上市,34.799999,34.900002,34.5,34.900002,42103,1.0
2019-10-25,1903,1903.TW,上市,34.799999,35.200001,34.799999,35.0,33001,1.0
2019-10-28,1903,1903.TW,上市,34.549999,34.549999,33.900002,34.150002,45006,1.0
2019-10-29,1903,1903.TW,上市,34.099998,34.099998,33.849998,34.099998,16007,1.0
2019-10-30,1903,1903.TW,上市,33.549999,34.099998,33.549999,34.0,19498,1.0
2019-10-31,1903,1903.TW,上市,33.900002,34.0,33.599998,34.0,30170,1.0
2019-11-01,1903,1903.TW,上市,34.0,34.599998,34.0,34.599998,21208,1.0
2019-11-04,1903,1903.TW,上市,34.349998,34.599998,34.0,34.5,70373,1.0
2019-11-05,1903,1903.TW,上市,34.25,34.5,34.0,34.200001,13489,1.0
2019-11-06,1903,1903.TW,上市,33.849998,34.150002,33.700001,34.150002,25029,1.0
2019-11-07,1903,1903.TW,上市,33.900002,34.150002,33.799999,34.150002,31332,1.0
2019-11-08,1903,1903.TW,上市,34.299999,34.299999,33.700001,33.849998,33003,1.0
2019-11-11,1903,1903.TW,上市,33.150002,33.450001,32.549999,33.200001,84036,1.0
2019-11-12,1903,1903.TW,上市,33.099998,33.299999,32.75,33.25,43002,1.0
2019-11-13,1903,1903.TW,上市,32.700001,33.099998,32.599998,33.0,40001,1.0
2019-11-14,1903,1903.TW,上市,32.799999,32.799999,32.0,32.450001,92005,1.0
2019-11-15,1903,1903.TW,上市,32.099998,32.5,31.950001,32.400002,35000,1.0
2019-11-18,1903,1903.TW,上市,32.099998,32.200001,31.9,32.200001,18002,1.0
2019-11-19,1903,1903.TW,上市,32.0,32.150002,31.9,32.150002,23048,1.0
2019-11-20,1903,1903.TW,上市,31.9,32.5,31.85,32.5,35060,1.0
2019-11-21,1903,1903.TW,上市,31.9,32.0,31.85,32.0,45081,1.0
2019-11-22,1903,1903.TW,上市,31.799999,32.200001,31.799999,32.0,56000,1.0
2019-11-25,1903,1903.TW,上市,31.799999,32.0,31.75,32.0,33001,1.0
2019-11-26,1903,1903.TW,上市,31.85,32.200001,31.799999,32.200001,18419,1.0
2019-11-27,1903,1903.TW,上市,32.200001,32.200001,31.9,31.9,51205,1.0
2019-11-28,1903,1903.TW,上市,31.950001,32.0,31.799999,31.799999,16333,1.0
2019-11-29,1903,1903.TW,上市,31.700001,31.700001,31.35,31.700001,83045,1.0
2019-12-02,1903,1903.TW,上市,31.450001,31.450001,31.4,31.4,9001,1.0
2019-12-03,1903,1903.TW,上市,31.6,31.65,31.6,31.65,2001,1.0
2019-12-04,1903,1903.TW,上市,31.35,31.65,31.299999,31.65,37002,1.0
2019-12-05,1903,1903.TW,上市,31.5,32.0,31.5,32.0,16003,1.0
2019-12-06,1903,1903.TW,上市,32.0,32.200001,31.950001,32.200001,45001,1.0
2019-12-09,1903,1903.TW,上市,31.700001,32.150002,31.700001,32.099998,8145,1.0
2019-12-10,1903,1903.TW,上市,32.0,32.200001,31.799999,32.0,28205,1.0
2019-12-11,1903,1903.TW,上市,32.0,32.5,32.0,32.099998,37010,1.0
2019-12-12,1903,1903.TW,上市,32.049999,32.299999,31.85,32.299999,28482,1.0
2019-12-13,1903,1903.TW,上市,32.75,32.75,32.049999,32.5,22520,1.0
2019-12-16,1903,1903.TW,上市,32.5,32.549999,32.400002,32.5,383,1.0
2019-12-17,1903,1903.TW,上市,32.5,32.700001,32.349998,32.599998,53052,1.0
2019-12-18,1903,1903.TW,上市,32.599998,34.0,32.5,33.200001,198078,1.0
2019-12-19,1903,1903.TW,上市,32.700001,33.150002,32.599998,33.0,38601,1.0
2019-12-20,1903,1903.TW,上市,33.0,33.0,32.700001,32.950001,31003,1.0
2019-12-23,1903,1903.TW,上市,33.0,33.200001,32.700001,33.200001,12027,1.0
2019-12-24,1903,1903.TW,上市,33.700001,33.700001,32.849998,33.099998,16091,1.0
2019-12-25,1903,1903.TW,上市,32.700001,33.0,32.700001,33.0,30417,1.0
2019-12-26,1903,1903.TW,上市,32.799999,32.950001,32.75,32.950001,13624,1.0
2019-12-27,1903,1903.TW,上市,32.950001,32.950001,32.799999,32.950001,23209,1.0
2019-12-30,1903,1903.TW,上市,32.849998,33.25,32.849998,33.25,28045,1.0
2019-12-31,1903,1903.TW,上市,33.450001,34.5,33.450001,33.900002,144029,1.0
2020-01-02,1903,1903.TW,上市,33.900002,34.700001,33.900002,34.400002,70000,1.0
2020-01-03,1903,1903.TW,上市,34.599998,34.599998,33.5,34.049999,111007,1.0
2020-01-06,1903,1903.TW,上市,34.150002,34.200001,33.25,33.799999,96918,1.0
2020-01-07,1903,1903.TW,上市,33.950001,34.200001,33.5,34.200001,39258,1.0
2020-01-08,1903,1903.TW,上市,34.200001,34.200001,33.5,34.099998,50101,1.0
2020-01-09,1903,1903.TW,上市,34.0,34.049999,33.599998,34.0,7001,1.0
2020-01-10,1903,1903.TW,上市,34.0,34.200001,33.5,34.0,26000,1.0
2020-01-13,1903,1903.TW,上市,33.75,34.049999,33.599998,33.900002,63019,1.0
2020-01-14,1903,1903.TW,上市,33.900002,33.900002,33.549999,33.849998,30704,1.0
2020-01-15,1903,1903.TW,上市,33.799999,33.799999,33.25,33.25,46003,1.0
2020-01-16,1903,1903.TW,上市,33.049999,33.400002,32.900002,33.099998,37167,1.0
2020-01-17,1903,1903.TW,上市,33.049999,33.099998,32.599998,33.099998,63162,1.0
2020-01-20,1903,1903.TW,上市,32.799999,33.049999,32.799999,33.049999,10014,1.0
2020-01-30,1903,1903.TW,上市,32.599998,32.599998,31.4,31.4,108103,1.0
2020-01-31,1903,1903.TW,上市,31.4,31.6,31.4,31.450001,32193,1.0
2020-02-03,1903,1903.TW,上市,31.1,31.1,30.799999,31.0,30438,1.0
2020-02-04,1903,1903.TW,上市,32.5,32.5,31.65,31.65,26392,1.0
2020-02-05,1903,1903.TW,上市,31.549999,31.549999,31.299999,31.450001,17821,1.0
2020-02-06,1903,1903.TW,上市,31.450001,31.799999,31.1,31.700001,25290,1.0
2020-02-07,1903,1903.TW,上市,31.700001,31.700001,31.049999,31.450001,55258,1.0
2020-02-10,1903,1903.TW,上市,31.4,31.65,30.9,31.6,9309,1.0
2020-02-11,1903,1903.TW,上市,31.6,31.700001,31.049999,31.549999,18027,1.0
2020-02-12,1903,1903.TW,上市,31.549999,31.549999,31.1,31.4,28954,1.0
2020-02-13,1903,1903.TW,上市,31.200001,31.4,31.049999,31.4,49181,1.0
2020-02-14,1903,1903.TW,上市,31.4,31.5,31.200001,31.450001,24227,1.0
2020-02-17,1903,1903.TW,上市,31.5,31.5,31.25,31.25,7289,1.0
2020-02-18,1903,1903.TW,上市,31.049999,31.299999,31.049999,31.25,19230,1.0
2020-02-19,1903,1903.TW,上市,31.25,31.75,31.25,31.700001,42147,1.0
2020-02-20,1903,1903.TW,上市,31.799999,31.799999,31.35,31.4,17286,1.0
2020-02-21,1903,1903.TW,上市,31.35,31.799999,31.200001,31.5,32007,1.0
2020-02-24,1903,1903.TW,上市,31.1,31.299999,31.0,31.1,43806,1.0
2020-02-25,1903,1903.TW,上市,30.799999,32.0,30.5,32.0,71044,1.0
2020-02-26,1903,1903.TW,上市,31.4,32.400002,31.25,32.0,94201,1.0
2020-02-27,1903,1903.TW,上市,32.099998,32.25,31.5,31.5,57131,1.0
2020-03-02,1903,1903.TW,上市,31.5,31.549999,31.299999,31.35,81071,1.0
2020-03-03,1903,1903.TW,上市,31.35,31.6,31.35,31.35,49852,1.0
2020-03-04,1903,1903.TW,上市,31.4,31.450001,31.299999,31.450001,42196,1.0
2020-03-05,1903,1903.TW,上市,31.450001,31.6,31.25,31.6,51108,1.0
2020-03-06,1903,1903.TW,上市,31.15,31.15,31.049999,31.1,39230,1.0
2020-03-09,1903,1903.TW,上市,31.0,31.0,30.450001,30.450001,46676,1.0
2020-03-10,1903,1903.TW,上市,29.9,31.200001,29.85,31.200001,74660,1.0
2020-03-11,1903,1903.TW,上市,30.6,31.15,30.6,31.15,10150,1.0
2020-03-12,1903,1903.TW,上市,30.049999,31.0,29.5,30.1,17044,1.0
2020-03-13,1903,1903.TW,上市,28.1,29.0,28.1,28.799999,67243,1.0
2020-03-16,1903,1903.TW,上市,27.9,28.65,27.9,28.35,19915,1.0
2020-03-17,1903,1903.TW,上市,27.0,27.6,26.0,26.450001,61094,1.0
2020-03-18,1903,1903.TW,上市,26.450001,27.0,25.450001,27.0,84087,1.0
2020-03-19,1903,1903.TW,上市,26.9,26.9,25.200001,25.799999,99631,1.0
2020-03-20,1903,1903.TW,上市,26.0,28.35,26.0,28.35,203053,1.0
2020-03-23,1903,1903.TW,上市,29.6,31.15,28.5,31.15,426155,1.0
2020-03-24,1903,1903.TW,上市,32.0,32.700001,31.4,31.6,268099,1.0
2020-03-25,1903,1903.TW,上市,31.65,32.549999,31.0,31.0,333232,1.0
2020-03-26,1903,1903.TW,上市,30.9,31.200001,30.799999,31.0,20115,1.0
2020-03-27,1903,1903.TW,上市,31.5,31.5,30.65,30.65,30134,1.0
2020-03-30,1903,1903.TW,上市,30.200001,30.85,30.200001,30.85,9061,1.0
2020-03-31,1903,1903.TW,上市,31.0,31.0,30.450001,30.799999,24172,1.0
2020-04-01,1903,1903.TW,上市,30.6,30.6,30.4,30.4,22043,1.0
2020-04-06,1903,1903.TW,上市,30.299999,30.65,30.0,30.65,21104,1.0
2020-04-07,1903,1903.TW,上市,30.75,30.75,30.5,30.549999,14416,1.0
2020-04-08,1903,1903.TW,上市,30.549999,30.75,30.4,30.6,26634,1.0
2020-04-09,1903,1903.TW,上市,30.5,30.5,30.15,30.5,35225,1.0
2020-04-10,1903,1903.TW,上市,31.0,31.0,30.35,31.0,35101,1.0
2020-04-13,1903,1903.TW,上市,31.0,31.0,30.450001,30.450001,10013,1.0
2020-04-14,1903,1903.TW,上市,30.6,30.6,30.299999,30.6,18086,1.0
2020-04-15,1903,1903.TW,上市,30.6,30.950001,30.4,30.700001,55008,1.0
2020-04-16,1903,1903.TW,上市,30.35,33.75,30.35,33.75,470059,1.0
2020-04-17,1903,1903.TW,上市,34.700001,37.099998,34.549999,36.25,857317,1.0
2020-04-20,1903,1903.TW,上市,38.099998,39.849998,38.049999,39.849998,588316,1.0
2020-04-21,1903,1903.TW,上市,41.950001,42.0,39.25,41.099998,1274836,1.0
2020-04-22,1903,1903.TW,上市,40.5,40.599998,38.200001,39.5,365555,1.0
2020-04-23,1903,1903.TW,上市,39.900002,39.900002,37.0,37.799999,584500,1.0
2020-04-24,1903,1903.TW,上市,37.150002,37.599998,36.200001,36.5,414200,1.0
2020-04-27,1903,1903.TW,上市,36.5,38.5,36.0,37.099998,469315,1.0
2020-04-28,1903,1903.TW,上市,37.099998,37.700001,37.049999,37.200001,221051,1.0
2020-04-29,1903,1903.TW,上市,37.799999,40.5,37.299999,39.900002,368335,1.0
2020-04-30,1903,1903.TW,上市,39.799999,40.700001,38.900002,39.450001,426515,1.0
2020-05-04,1903,1903.TW,上市,38.900002,40.200001,38.700001,39.099998,252075,1.0
2020-05-05,1903,1903.TW,上市,39.099998,41.099998,39.049999,40.5,395633,1.0
2020-05-06,1903,1903.TW,上市,40.0,41.099998,39.799999,40.150002,359122,1.0
2020-05-07,1903,1903.TW,上市,40.150002,44.150002,40.150002,43.950001,1496230,1.0
2020-05-08,1903,1903.TW,上市,43.0,43.450001,41.0,41.049999,751600,1.0
2020-05-11,1903,1903.TW,上市,39.099998,40.549999,39.099998,39.700001,228040,1.0
2020-05-12,1903,1903.TW,上市,40.099998,41.200001,39.349998,40.0,267820,1.0
2020-05-13,1903,1903.TW,上市,39.900002,41.0,39.400002,40.799999,189203,1.0
2020-05-14,1903,1903.TW,上市,40.549999,42.799999,40.400002,41.200001,395050,1.0
2020-05-15,1903,1903.TW,上市,40.950001,40.950001,39.849998,40.900002,219025,1.0
2020-05-18,1903,1903.TW,上市,40.900002,41.299999,40.5,41.200001,158201,1.0
2020-05-19,1903,1903.TW,上市,41.200001,44.0,41.200001,44.0,700471,1.0
2020-05-20,1903,1903.TW,上市,44.200001,45.450001,43.099998,43.700001,535150,1.0
2020-05-21,1903,1903.TW,上市,42.900002,44.150002,41.799999,42.0,482734,1.0
2020-05-22,1903,1903.TW,上市,42.099998,43.400002,42.099998,42.450001,254026,1.0
2020-05-25,1903,1903.TW,上市,42.299999,46.650002,42.200001,46.549999,1356499,1.0
2020-05-26,1903,1903.TW,上市,45.5,48.849998,45.450001,46.950001,600908,1.0
2020-05-27,1903,1903.TW,上市,46.349998,46.75,44.849998,45.150002,315153,1.0
2020-05-28,1903,1903.TW,上市,45.650002,45.650002,43.400002,44.049999,299489,1.0
2020-05-29,1903,1903.TW,上市,44.049999,44.5,43.599998,44.450001,162130,1.0
2020-06-01,1903,1903.TW,上市,45.0,45.299999,43.650002,44.849998,224021,1.0
2020-06-02,1903,1903.TW,上市,44.849998,44.849998,43.599998,44.0,170231,1.0
2020-06-03,1903,1903.TW,上市,44.0,44.200001,43.5,43.75,236169,1.0
2020-06-04,1903,1903.TW,上市,44.0,44.549999,43.700001,43.799999,395007,1.0
2020-06-05,1903,1903.TW,上市,43.849998,44.0,43.5,43.700001,184005,1.0
2020-06-08,1903,1903.TW,上市,43.599998,46.400002,43.599998,45.900002,612331,1.0
2020-06-09,1903,1903.TW,上市,46.200001,48.5,46.0,48.049999,944952,1.0
2020-06-10,1903,1903.TW,上市,48.0,49.5,47.599998,47.950001,445707,1.0
2020-06-11,1903,1903.TW,上市,47.549999,47.799999,44.75,45.950001,433498,1.0
2020-06-12,1903,1903.TW,上市,44.099998,46.200001,44.099998,46.200001,305140,1.0
2020-06-15,1903,1903.TW,上市,50.0,50.799999,49.150002,50.799999,1037016,1.0
2020-06-16,1903,1903.TW,上市,51.599998,55.799999,50.799999,55.799999,929315,1.0
2020-06-17,1903,1903.TW,上市,58.0,61.299999,57.799999,60.599998,2442230,1.0
2020-06-18,1903,1903.TW,上市,59.0,59.599998,56.5,58.0,1110679,1.0
2020-06-19,1903,1903.TW,上市,57.900002,63.799999,57.099998,63.799999,1897695,1.0
2020-06-22,1903,1903.TW,上市,62.0,63.0,60.099998,61.299999,1008963,1.0
2020-06-23,1903,1903.TW,上市,60.599998,63.700001,58.0,60.299999,1038004,1.0
2020-06-24,1903,1903.TW,上市,60.400002,60.799999,55.799999,56.5,1190654,1.0
2020-06-29,1903,1903.TW,上市,57.0,59.5,56.799999,57.700001,675918,1.0
2020-06-30,1903,1903.TW,上市,57.799999,58.5,56.599998,57.099998,297121,1.0
2020-07-01,1903,1903.TW,上市,58.299999,59.900002,56.900002,58.799999,506766,1.0
2020-07-02,1903,1903.TW,上市,59.5,59.5,58.0,58.900002,238703,1.0
2020-07-03,1903,1903.TW,上市,58.900002,63.5,58.299999,63.099998,1137717,1.0
2020-07-06,1903,1903.TW,上市,67.800003,69.400002,66.5,69.400002,1491957,1.0
2020-07-07,1903,1903.TW,上市,75.0,76.300003,73.900002,76.300003,2638553,1.0
2020-07-08,1903,1903.TW,上市,81.0,83.699997,79.0,83.599998,3067248,1.0
2020-07-09,1903,1903.TW,上市,83.800003,83.800003,80.0,82.0,1847901,1.0
2020-07-10,1903,1903.TW,上市,81.900002,82.900002,76.099998,80.300003,1464295,1.0
2020-07-13,1903,1903.TW,上市,85.5,88.300003,85.5,88.300003,1703661,1.0
2020-07-14,1903,1903.TW,上市,94.199997,94.199997,85.0,87.300003,1975078,1.0
2020-07-15,1903,1903.TW,上市,86.5,91.699997,83.0,83.0,1070742,1.0
2020-07-16,1903,1903.TW,上市,83.0,85.0,79.800003,82.199997,642977,1.0
2020-07-17,1903,1903.TW,上市,84.0,84.0,75.5,76.0,1319950,1.0
2020-07-20,1903,1903.TW,上市,78.0,80.0,74.5,79.0,773701,1.0
2020-07-21,1903,1903.TW,上市,79.0,80.900002,78.5,80.800003,574710,1.0
2020-07-22,1903,1903.TW,上市,81.5,83.900002,80.300003,83.0,826573,1.0
2020-07-23,1903,1903.TW,上市,83.0,83.5,81.800003,83.199997,406933,1.0
2020-07-24,1903,1903.TW,上市,82.099998,87.099998,82.099998,85.300003,1009900,1.0
2020-07-27,1903,1903.TW,上市,84.699997,84.900002,76.800003,76.800003,1734702,1.0
2020-07-28,1903,1903.TW,上市,69.199997,69.199997,69.199997,69.199997,515198,1.0
2020-07-29,1903,1903.TW,上市,62.299999,73.699997,62.299999,71.199997,2716631,1.0
2020-07-30,1903,1903.TW,上市,71.099998,72.0,68.300003,69.199997,858223,1.0
2020-07-31,1903,1903.TW,上市,70.300003,70.400002,66.599998,67.0,735481,1.0
2020-08-03,1903,1903.TW,上市,67.400002,72.900002,67.400002,72.199997,796970,1.0
2020-08-04,1903,1903.TW,上市,72.0,77.699997,71.0,74.900002,1004670,1.0
2020-08-05,1903,1903.TW,上市,74.900002,75.599998,73.599998,73.599998,528466,1.0
2020-08-06,1903,1903.TW,上市,74.199997,75.5,71.800003,72.0,544050,1.0
2020-08-07,1903,1903.TW,上市,72.0,74.800003,71.800003,74.0,584151,1.0
2020-08-10,1903,1903.TW,上市,74.0,78.5,74.0,74.099998,1056430,1.0
2020-08-11,1903,1903.TW,上市,73.900002,75.699997,71.800003,72.0,619500,1.0
2020-08-12,1903,1903.TW,上市,72.5,73.199997,69.599998,71.5,332828,1.0
2020-08-13,1903,1903.TW,上市,72.5,72.5,70.599998,71.0,264785,1.0
2020-08-14,1903,1903.TW,上市,70.900002,78.099998,70.5,78.0,1268282,1.0
2020-08-17,1903,1903.TW,上市,79.900002,82.900002,77.5,77.800003,2812446,1.0
2020-08-18,1903,1903.TW,上市,77.599998,77.800003,74.099998,75.199997,1057897,1.0
2020-08-19,1903,1903.TW,上市,75.199997,76.800003,72.900002,73.800003,708923,1.0
2020-08-20,1903,1903.TW,上市,73.0,73.199997,66.5,67.599998,2241203,1.0
2020-08-21,1903,1903.TW,上市,68.300003,70.0,67.699997,69.699997,708570,1.0
2020-08-24,1903,1903.TW,上市,70.0,72.599998,69.5,70.800003,620262,1.0
2020-08-25,1903,1903.TW,上市,71.199997,71.199997,69.800003,70.5,382296,1.0
2020-08-26,1903,1903.TW,上市,71.0,75.5,70.5,74.800003,1166445,1.0
2020-08-27,1903,1903.TW,上市,74.900002,75.900002,72.099998,72.099998,853171,1.0
2020-08-28,1903,1903.TW,上市,72.0,72.900002,70.300003,71.900002,536550,1.0
2020-08-31,1903,1903.TW,上市,72.0,72.400002,69.900002,70.300003,497163,1.0
2020-09-01,1903,1903.TW,上市,71.300003,71.300003,69.300003,70.699997,364545,1.0
2020-09-02,1903,1903.TW,上市,70.099998,70.300003,69.300003,69.900002,415416,1.0
2020-09-03,1903,1903.TW,上市,70.0,70.800003,69.0,69.099998,354816,1.0
2020-09-04,1903,1903.TW,上市,65.599998,68.800003,65.599998,67.5,521921,1.0
2020-09-07,1903,1903.TW,上市,67.5,67.5,65.900002,66.0,622770,1.0
2020-09-08,1903,1903.TW,上市,66.0,66.800003,64.800003,65.5,401397,1.0
2020-09-09,1903,1903.TW,上市,64.699997,64.699997,63.299999,63.599998,535682,1.0
2020-09-10,1903,1903.TW,上市,64.599998,66.0,63.900002,65.199997,364071,1.0
2020-09-11,1903,1903.TW,上市,65.5,65.5,59.700001,60.599998,1101206,1.0
2020-09-14,1903,1903.TW,上市,60.799999,63.599998,58.5,63.400002,890199,1.0
2020-09-15,1903,1903.TW,上市,63.200001,63.5,61.599998,62.099998,328001,1.0
2020-09-16,1903,1903.TW,上市,62.599998,63.0,62.0,62.599998,221475,1.0
2020-09-17,1903,1903.TW,上市,62.200001,64.099998,62.200001,63.599998,366415,1.0
2020-09-18,1903,1903.TW,上市,63.900002,67.599998,63.0,67.599998,1113789,1.0
2020-09-21,1903,1903.TW,上市,67.599998,67.599998,65.800003,65.900002,492121,1.0
2020-09-22,1903,1903.TW,上市,65.900002,65.900002,63.0,63.599998,418145,1.0
2020-09-23,1903,1903.TW,上市,63.0,63.5,60.799999,61.5,413080,1.0
2020-09-24,1903,1903.TW,上市,58.599998,60.5,57.400002,58.5,894332,1.0
2020-09-25,1903,1903.TW,上市,58.5,59.400002,53.799999,54.400002,1243026,1.0
2020-09-28,1903,1903.TW,上市,55.200001,58.400002,54.299999,57.900002,589931,1.0
2020-09-29,1903,1903.TW,上市,59.0,59.0,55.700001,56.400002,262093,1.0
2020-09-30,1903,1903.TW,上市,56.0,56.900002,55.200001,56.799999,130511,1.0
2020-10-05,1903,1903.TW,上市,56.5,57.900002,56.5,57.299999,213050,1.0
2020-10-06,1903,1903.TW,上市,58.0,58.5,57.200001,57.900002,223193,1.0
2020-10-07,1903,1903.TW,上市,57.900002,59.5,57.099998,59.299999,341738,1.0
2020-10-08,1903,1903.TW,上市,60.0,60.0,58.200001,58.900002,322151,1.0
2020-10-12,1903,1903.TW,上市,58.900002,61.299999,58.900002,60.0,493411,1.0
2020-10-13,1903,1903.TW,上市,59.900002,59.900002,58.5,59.299999,163020,1.0
2020-10-14,1903,1903.TW,上市,59.099998,60.299999,59.099998,59.099998,155261,1.0
2020-10-15,1903,1903.TW,上市,59.099998,59.700001,58.599998,59.400002,169120,1.0
2020-10-16,1903,1903.TW,上市,65.300003,65.300003,64.0,65.300003,962386,1.0
2020-10-19,1903,1903.TW,上市,67.0,67.5,65.0,65.5,1268581,1.0
2020-10-20,1903,1903.TW,上市,65.400002,72.0,65.099998,72.0,2467155,1.0
2020-10-21,1903,1903.TW,上市,72.5,74.0,69.0,70.099998,1943060,1.0
2020-10-22,1903,1903.TW,上市,69.300003,71.900002,69.199997,71.400002,673840,1.0
2020-10-23,1903,1903.TW,上市,71.400002,71.599998,69.699997,69.699997,383672,1.0
2020-10-26,1903,1903.TW,上市,70.0,71.800003,69.400002,70.0,455240,1.0
2020-10-27,1903,1903.TW,上市,70.099998,70.099998,68.400002,68.5,328003,1.0
2020-10-28,1903,1903.TW,上市,68.5,69.5,66.900002,67.0,451351,1.0
2020-10-29,1903,1903.TW,上市,65.400002,66.599998,65.400002,66.5,274001,1.0
2020-10-30,1903,1903.TW,上市,67.0,68.900002,66.5,66.800003,237005,1.0
2020-11-02,1903,1903.TW,上市,67.199997,67.199997,66.099998,67.0,293056,1.0
2020-11-03,1903,1903.TW,上市,67.0,68.099998,67.0,67.5,238454,1.0
2020-11-04,1903,1903.TW,上市,67.5,68.0,66.5,67.900002,195026,1.0
2020-11-05,1903,1903.TW,上市,67.5,67.800003,66.699997,66.800003,118556,1.0
2020-11-06,1903,1903.TW,上市,66.800003,67.5,66.199997,67.0,195050,1.0
2020-11-09,1903,1903.TW,上市,68.5,71.699997,67.699997,70.900002,1398162,1.0
2020-11-10,1903,1903.TW,上市,71.099998,71.099998,69.0,69.5,528316,1.0
2020-11-11,1903,1903.TW,上市,68.900002,70.5,68.900002,69.400002,415250,1.0
2020-11-12,1903,1903.TW,上市,70.300003,70.300003,69.199997,69.599998,176296,1.0
2020-11-13,1903,1903.TW,上市,71.199997,73.5,70.5,70.5,844462,1.0
2020-11-16,1903,1903.TW,上市,70.599998,71.599998,67.5,67.900002,1107066,1.0
2020-11-17,1903,1903.TW,上市,67.900002,68.900002,67.900002,68.300003,324409,1.0
2020-11-18,1903,1903.TW,上市,68.300003,68.800003,67.5,67.900002,314000,1.0
2020-11-19,1903,1903.TW,上市,67.5,68.400002,67.5,67.599998,278090,1.0
2020-11-20,1903,1903.TW,上市,67.599998,67.699997,66.800003,67.0,316318,1.0
2020-11-23,1903,1903.TW,上市,66.800003,68.900002,66.800003,68.199997,470294,1.0
2020-11-24,1903,1903.TW,上市,68.699997,68.699997,65.5,66.0,868100,1.0
2020-11-25,1903,1903.TW,上市,66.5,66.900002,64.099998,64.599998,644314,1.0
2020-11-26,1903,1903.TW,上市,64.599998,65.400002,63.799999,64.0,430050,1.0
2020-11-27,1903,1903.TW,上市,64.0,65.900002,62.700001,63.0,1213624,1.0
2020-11-30,1903,1903.TW,上市,62.5,62.5,59.700001,60.599998,2309202,1.0
2020-12-01,1903,1903.TW,上市,61.200001,61.299999,60.0,60.400002,471245,1.0
2020-12-02,1903,1903.TW,上市,60.400002,60.400002,58.599998,59.0,933500,1.0
2020-12-03,1903,1903.TW,上市,59.0,59.0,57.599998,57.599998,898101,1.0
2020-12-04,1903,1903.TW,上市,57.799999,60.5,57.700001,60.400002,794653,1.0
2020-12-07,1903,1903.TW,上市,61.0,61.299999,59.0,59.0,631051,1.0
2020-12-08,1903,1903.TW,上市,58.0,59.5,58.0,58.5,510852,1.0
2020-12-09,1903,1903.TW,上市,58.299999,59.0,57.799999,58.0,816001,1.0
2020-12-10,1903,1903.TW,上市,58.0,58.0,57.099998,57.299999,380101,1.0
2020-12-11,1903,1903.TW,上市,57.5,58.400002,56.700001,57.0,313001,1.0
2020-12-14,1903,1903.TW,上市,57.0,57.900002,56.799999,57.700001,268070,1.0
2020-12-15,1903,1903.TW,上市,57.700001,57.700001,56.799999,56.799999,232000,1.0
2020-12-16,1903,1903.TW,上市,56.799999,58.099998,56.799999,57.599998,287050,1.0
2020-12-17,1903,1903.TW,上市,57.700001,58.0,57.0,57.599998,135091,1.0
2020-12-18,1903,1903.TW,上市,57.5,57.599998,56.900002,57.200001,147427,1.0
2020-12-21,1903,1903.TW,上市,57.5,57.700001,57.099998,57.5,156041,1.0
2020-12-22,1903,1903.TW,上市,57.5,59.900002,57.099998,58.099998,552001,1.0
2020-12-23,1903,1903.TW,上市,58.200001,58.299999,57.299999,57.5,203379,1.0
2020-12-24,1903,1903.TW,上市,57.5,59.200001,57.5,58.200001,296084,1.0
2020-12-25,1903,1903.TW,上市,58.299999,58.599998,56.799999,56.900002,514506,1.0
2020-12-28,1903,1903.TW,上市,56.900002,58.599998,56.900002,57.799999,495439,1.0
2020-12-29,1903,1903.TW,上市,57.900002,61.799999,57.900002,61.700001,1316087,1.0
2020-12-30,1903,1903.TW,上市,62.599998,62.700001,60.400002,61.0,922725,1.0
2020-12-31,1903,1903.TW,上市,60.0,61.200001,58.799999,59.299999,551816,1.0
2021-01-04,1903,1903.TW,上市,60.0,60.0,58.700001,58.799999,396599,1.0
2021-01-05,1903,1903.TW,上市,59.400002,61.099998,59.400002,61.0,607976,1.0
2021-01-06,1903,1903.TW,上市,60.900002,61.400002,58.799999,58.799999,486421,1.0
2021-01-07,1903,1903.TW,上市,59.299999,59.400002,58.5,58.599998,269600,1.0
2021-01-08,1903,1903.TW,上市,59.099998,59.099998,58.5,58.799999,258400,1.0
2021-01-11,1903,1903.TW,上市,58.5,58.5,57.700001,58.0,287502,1.0
2021-01-12,1903,1903.TW,上市,57.900002,57.900002,56.0,56.0,503250,1.0
2021-01-13,1903,1903.TW,上市,56.400002,57.200001,56.0,56.799999,320870,1.0
2021-01-14,1903,1903.TW,上市,57.099998,57.099998,55.099998,55.599998,618207,1.0
2021-01-15,1903,1903.TW,上市,55.099998,55.200001,53.200001,53.599998,850000,1.0
2021-01-18,1903,1903.TW,上市,52.799999,52.900002,49.0,51.5,760201,1.0
2021-01-19,1903,1903.TW,上市,51.799999,52.5,51.799999,52.099998,201501,1.0
2021-01-20,1903,1903.TW,上市,51.099998,51.5,49.200001,49.200001,703510,1.0
2021-01-21,1903,1903.TW,上市,49.200001,50.900002,49.200001,49.349998,318000,1.0
2021-01-22,1903,1903.TW,上市,49.5,50.599998,48.599998,49.25,296001,1.0
2021-01-25,1903,1903.TW,上市,49.099998,49.099998,47.5,48.849998,408001,1.0
2021-01-26,1903,1903.TW,上市,48.849998,49.150002,48.099998,48.099998,254409,1.0
2021-01-27,1903,1903.TW,上市,48.099998,49.799999,48.099998,49.0,230109,1.0
2021-01-28,1903,1903.TW,上市,49.0,49.5,48.400002,48.900002,203012,1.0
2021-01-29,1903,1903.TW,上市,48.700001,49.0,47.900002,48.099998,266400,1.0
2021-02-01,1903,1903.TW,上市,47.900002,48.0,47.25,47.349998,186000,1.0
2021-02-02,1903,1903.TW,上市,47.200001,50.0,47.099998,49.0,230051,1.0
2021-02-03,1903,1903.TW,上市,48.849998,49.0,48.299999,48.700001,267002,1.0
2021-02-04,1903,1903.TW,上市,47.900002,49.5,47.900002,48.5,106138,1.0
2021-02-05,1903,1903.TW,上市,48.5,49.700001,48.400002,49.200001,159006,1.0
2021-02-17,1903,1903.TW,上市,50.5,50.5,49.0,49.0,219254,1.0
2021-02-18,1903,1903.TW,上市,49.0,51.200001,49.0,51.0,449147,1.0
2021-02-19,1903,1903.TW,上市,51.099998,52.0,50.099998,51.0,214979,1.0
2021-02-22,1903,1903.TW,上市,51.5,53.299999,51.299999,53.0,289217,1.0
2021-02-23,1903,1903.TW,上市,52.700001,53.5,52.200001,52.700001,347148,1.0
2021-02-24,1903,1903.TW,上市,52.700001,54.400002,52.0,52.400002,245209,1.0
2021-02-25,1903,1903.TW,上市,53.900002,53.900002,52.400002,53.299999,196005,1.0
2021-02-26,1903,1903.TW,上市,52.0,52.5,51.599998,52.0,227002,1.0
2021-03-02,1903,1903.TW,上市,53.5,53.5,51.0,51.200001,210117,1.0
2021-03-03,1903,1903.TW,上市,51.200001,52.0,51.0,51.400002,265003,1.0
2021-03-04,1903,1903.TW,上市,52.799999,52.799999,50.700001,51.599998,185844,1.0
2021-03-05,1903,1903.TW,上市,51.200001,51.599998,50.700001,51.0,149006,1.0
2021-03-08,1903,1903.TW,上市,51.099998,53.0,51.099998,51.200001,157023,1.0
2021-03-09,1903,1903.TW,上市,52.200001,53.5,51.599998,53.200001,251489,1.0
2021-03-10,1903,1903.TW,上市,53.0,53.0,52.099998,52.299999,156006,1.0
2021-03-11,1903,1903.TW,上市,52.0,53.099998,52.0,52.799999,223001,1.0
2021-03-12,1903,1903.TW,上市,53.0,53.0,52.0,52.299999,163002,1.0
2021-03-15,1903,1903.TW,上市,52.299999,52.799999,52.200001,52.200001,140003,1.0
2021-03-16,1903,1903.TW,上市,52.0,52.099998,51.700001,51.700001,145042,1.0
2021-03-17,1903,1903.TW,上市,52.0,52.0,51.5,51.599998,104001,1.0
2021-03-18,1903,1903.TW,上市,51.599998,52.5,51.599998,51.700001,257236,1.0
2021-03-19,1903,1903.TW,上市,51.799999,52.0,50.599998,50.599998,331002,1.0
2021-03-22,1903,1903.TW,上市,50.599998,50.599998,49.599998,49.950001,295005,1.0
2021-03-23,1903,1903.TW,上市,49.950001,49.950001,49.299999,49.400002,307181,1.0
2021-03-24,1903,1903.TW,上市,50.299999,54.299999,50.299999,54.299999,699916,1.0
2021-03-25,1903,1903.TW,上市,59.700001,59.700001,58.5,59.700001,2421099,1.0
2021-03-26,1903,1903.TW,上市,59.599998,60.400002,57.599998,58.299999,2030156,1.0
2021-03-29,1903,1903.TW,上市,58.400002,61.0,57.400002,59.900002,1107301,1.0
2021-03-30,1903,1903.TW,上市,60.0,60.700001,58.5,58.599998,884157,1.0
2021-03-31,1903,1903.TW,上市,59.099998,60.599998,58.5,59.400002,605181,1.0
2021-04-01,1903,1903.TW,上市,59.799999,59.799999,57.700001,59.0,404455,1.0
2021-04-07,1903,1903.TW,上市,58.700001,58.700001,58.0,58.099998,306383,1.0
2021-04-08,1903,1903.TW,上市,58.0,59.5,56.700001,57.799999,675011,1.0
2021-04-09,1903,1903.TW,上市,57.200001,57.900002,56.299999,56.5,359333,1.0
2021-04-12,1903,1903.TW,上市,60.0,62.099998,59.099998,62.099998,2968053,1.0
2021-04-13,1903,1903.TW,上市,64.099998,68.099998,59.299999,59.299999,5244511,1.0
2021-04-14,1903,1903.TW,上市,59.799999,61.400002,57.0,58.299999,1181002,1.0
2021-04-15,1903,1903.TW,上市,58.099998,59.5,58.099998,59.5,743173,1.0
2021-04-16,1903,1903.TW,上市,60.0,60.099998,58.099998,58.599998,568019,1.0
2021-04-19,1903,1903.TW,上市,58.700001,60.299999,58.299999,58.900002,1086173,1.0
2021-04-20,1903,1903.TW,上市,58.900002,59.0,57.799999,58.099998,692415,1.0
2021-04-21,1903,1903.TW,上市,58.099998,62.099998,58.099998,60.400002,1437398,1.0
2021-04-22,1903,1903.TW,上市,61.099998,63.799999,58.700001,59.099998,2765334,1.0
2021-04-23,1903,1903.TW,上市,59.5,60.400002,59.099998,59.5,679871,1.0
2021-04-26,1903,1903.TW,上市,59.5,61.0,58.599998,60.200001,719400,1.0
2021-04-27,1903,1903.TW,上市,60.5,61.400002,59.099998,59.599998,814328,1.0
2021-04-28,1903,1903.TW,上市,59.700001,60.5,58.599998,58.900002,672153,1.0
2021-04-29,1903,1903.TW,上市,58.900002,59.5,57.799999,58.0,770516,1.0
2021-05-03,1903,1903.TW,上市,58.0,58.099998,56.0,56.599998,792400,1.0
2021-05-04,1903,1903.TW,上市,56.599998,58.0,53.200001,54.0,930543,1.0
2021-05-05,1903,1903.TW,上市,53.599998,56.599998,53.599998,54.599998,601027,1.0
2021-05-06,1903,1903.TW,上市,55.599998,56.700001,53.900002,55.200001,403090,1.0
2021-05-07,1903,1903.TW,上市,55.400002,56.299999,54.299999,55.5,305553,1.0
2021-05-10,1903,1903.TW,上市,55.799999,58.700001,55.799999,57.799999,788322,1.0
2021-05-11,1903,1903.TW,上市,57.0,59.799999,55.0,55.200001,1245043,1.0
2021-05-12,1903,1903.TW,上市,54.400002,55.400002,49.849998,52.0,1464004,1.0
2021-05-13,1903,1903.TW,上市,50.0,52.900002,50.0,50.700001,639273,1.0
2021-05-14,1903,1903.TW,上市,51.299999,52.099998,50.400002,50.799999,446319,1.0
2021-05-17,1903,1903.TW,上市,46.299999,49.299999,46.299999,47.400002,768383,1.0
2021-05-18,1903,1903.TW,上市,48.0,50.700001,48.0,50.299999,405058,1.0
2021-05-19,1903,1903.TW,上市,49.049999,51.5,49.049999,50.299999,270066,1.0
2021-05-20,1903,1903.TW,上市,51.0,51.0,48.450001,49.200001,292000,1.0
2021-05-21,1903,1903.TW,上市,49.5,50.599998,49.5,50.200001,125001,1.0
2021-05-24,1903,1903.TW,上市,49.900002,51.799999,49.900002,51.200001,217002,1.0
2021-05-25,1903,1903.TW,上市,51.200001,51.700001,50.400002,50.400002,251086,1.0
2021-05-26,1903,1903.TW,上市,51.0,53.0,50.799999,52.200001,362004,1.0
2021-05-27,1903,1903.TW,上市,52.0,53.299999,51.799999,52.200001,364001,1.0
2021-05-28,1903,1903.TW,上市,53.099998,53.200001,51.400002,53.0,378330,1.0
2021-05-31,1903,1903.TW,上市,53.0,53.5,52.0,52.400002,380002,1.0
2021-06-01,1903,1903.TW,上市,52.400002,53.599998,52.299999,53.200001,204000,1.0
2021-06-02,1903,1903.TW,上市,53.5,55.400002,53.0,54.200001,475100,1.0
2021-06-03,1903,1903.TW,上市,55.0,59.0,54.200001,57.599998,1783142,1.0
2021-06-04,1903,1903.TW,上市,57.599998,58.599998,54.599998,54.599998,954145,1.0
2021-06-07,1903,1903.TW,上市,55.900002,59.0,54.900002,56.0,1975230,1.0
2021-06-08,1903,1903.TW,上市,56.900002,58.200001,56.0,56.299999,802158,1.0
2021-06-09,1903,1903.TW,上市,56.299999,56.299999,54.400002,54.5,384032,1.0
2021-06-10,1903,1903.TW,上市,55.5,55.599998,54.0,55.299999,163194,1.0
2021-06-11,1903,1903.TW,上市,55.700001,57.799999,54.5,54.5,713036,1.0
2021-06-15,1903,1903.TW,上市,55.700001,55.700001,54.0,55.400002,230102,1.0
2021-06-16,1903,1903.TW,上市,55.200001,56.900002,55.200001,55.900002,639002,1.0
2021-06-17,1903,1903.TW,上市,56.0,57.200001,56.0,56.400002,480446,1.0
2021-06-18,1903,1903.TW,上市,56.200001,57.799999,56.0,57.5,755211,1.0
2021-06-21,1903,1903.TW,上市,57.200001,63.200001,56.799999,63.200001,3963559,1.0
2021-06-22,1903,1903.TW,上市,69.5,69.5,69.5,69.5,2139766,1.0
2021-06-23,1903,1903.TW,上市,76.400002,76.400002,70.800003,72.199997,18406711,1.0
2021-06-24,1903,1903.TW,上市,71.800003,78.800003,69.0,72.800003,9392547,1.0
2021-06-25,1903,1903.TW,上市,74.199997,75.800003,70.099998,70.300003,5583000,1.0
2021-06-28,1903,1903.TW,上市,71.0,75.0,70.400002,72.5,6570705,1.0
2021-06-29,1903,1903.TW,上市,72.599998,72.800003,67.099998,67.199997,4898128,1.0
2021-06-30,1903,1903.TW,上市,67.400002,70.199997,67.400002,69.0,3273601,1.0
2021-07-01,1903,1903.TW,上市,69.699997,71.400002,65.900002,66.800003,4086400,1.0
2021-07-02,1903,1903.TW,上市,67.099998,68.400002,64.900002,66.400002,1899023,1.0
2021-07-05,1903,1903.TW,上市,67.900002,68.0,66.0,66.300003,1102111,1.0
2021-07-06,1903,1903.TW,上市,66.599998,68.5,66.599998,67.0,1522457,1.0
2021-07-07,1903,1903.TW,上市,67.5,69.5,66.0,67.099998,2319839,1.0
2021-07-08,1903,1903.TW,上市,67.099998,67.699997,66.099998,66.300003,821263,1.0
2021-07-09,1903,1903.TW,上市,66.300003,68.0,66.0,67.099998,1013418,1.0
2021-07-12,1903,1903.TW,上市,67.699997,67.699997,64.599998,64.800003,1369548,1.0
2021-07-13,1903,1903.TW,上市,65.800003,65.800003,60.400002,60.5,1627101,1.0
2021-07-14,1903,1903.TW,上市,61.5,61.599998,59.599998,60.0,832560,1.0
2021-07-15,1903,1903.TW,上市,60.200001,62.400002,60.200001,61.700001,623634,1.0
2021-07-16,1903,1903.TW,上市,62.0,62.299999,60.700001,60.700001,395089,1.0
2021-07-19,1903,1903.TW,上市,60.700001,61.0,59.400002,60.200001,492000,1.0
2021-07-20,1903,1903.TW,上市,59.599998,59.799999,58.099998,58.200001,699000,1.0
2021-07-21,1903,1903.TW,上市,59.0,59.400002,56.200001,56.799999,762000,1.0
2021-07-22,1903,1903.TW,上市,57.400002,57.799999,56.599998,57.400002,366115,1.0
2021-07-23,1903,1903.TW,上市,58.099998,59.700001,58.099998,59.0,565856,1.0
2021-07-26,1903,1903.TW,上市,60.0,60.099998,59.0,59.200001,368341,1.0
2021-07-27,1903,1903.TW,上市,59.200001,59.700001,57.799999,58.0,374097,1.0
2021-07-28,1903,1903.TW,上市,58.0,58.700001,56.299999,57.599998,362415,1.0
2021-07-29,1903,1903.TW,上市,58.0,60.0,57.400002,58.900002,508081,1.0
2021-07-30,1903,1903.TW,上市,58.5,59.700001,57.400002,57.400002,269390,1.0
2021-08-02,1903,1903.TW,上市,57.700001,58.299999,57.0,58.299999,323070,1.0
2021-08-03,1903,1903.TW,上市,58.299999,59.200001,57.900002,58.0,208015,1.0
2021-08-04,1903,1903.TW,上市,57.700001,58.599998,57.700001,58.0,68701,1.0
2021-08-05,1903,1903.TW,上市,58.099998,58.400002,57.200001,58.200001,212012,1.0
2021-08-06,1903,1903.TW,上市,58.200001,59.099998,57.900002,59.099998,307035,1.0
2021-08-09,1903,1903.TW,上市,59.200001,59.400002,58.299999,58.400002,320124,1.0
2021-08-10,1903,1903.TW,上市,58.5,58.599998,57.099998,57.099998,258002,1.0
2021-08-11,1903,1903.TW,上市,57.299999,57.5,55.5,55.799999,346076,1.0
2021-08-12,1903,1903.TW,上市,56.5,57.400002,56.200001,56.700001,168421,1.0
2021-08-13,1903,1903.TW,上市,59.0,59.0,57.0,57.599998,260222,1.0
2021-08-16,1903,1903.TW,上市,58.299999,58.400002,57.299999,57.299999,186018,1.0
2021-08-17,1903,1903.TW,上市,57.299999,57.299999,57.299999,57.299999,0,1.0
2021-08-18,1903,1903.TW,上市,56.599998,58.299999,56.0,58.0,269415,1.0
2021-08-19,1903,1903.TW,上市,57.5,58.099998,56.0,56.099998,352084,1.0
2021-08-20,1903,1903.TW,上市,56.099998,56.900002,55.400002,56.799999,311082,1.0
2021-08-23,1903,1903.TW,上市,57.0,62.400002,57.0,62.400002,2588416,1.0
2021-08-24,1903,1903.TW,上市,62.400002,66.800003,60.700001,65.5,2812253,1.0
2021-08-25,1903,1903.TW,上市,64.5,65.699997,63.900002,64.699997,975048,1.0
2021-08-26,1903,1903.TW,上市,65.5,65.800003,63.299999,65.400002,816001,1.0
2021-08-27,1903,1903.TW,上市,65.400002,66.699997,65.0,65.900002,844630,1.0
2021-08-30,1903,1903.TW,上市,66.0,67.400002,65.5,66.800003,867999,1.0
2021-08-31,1903,1903.TW,上市,66.400002,67.599998,66.0,67.5,714084,1.0
2021-09-01,1903,1903.TW,上市,67.900002,68.800003,67.699997,68.400002,1438259,1.0
2021-09-02,1903,1903.TW,上市,68.800003,69.300003,65.400002,66.0,1160176,1.0
2021-09-03,1903,1903.TW,上市,67.0,68.099998,66.099998,67.199997,850011,1.0
2021-09-06,1903,1903.TW,上市,67.300003,68.0,64.599998,65.099998,720061,1.0
2021-09-07,1903,1903.TW,上市,64.5,66.800003,64.199997,66.0,795000,1.0
2021-09-08,1903,1903.TW,上市,66.0,66.300003,64.5,65.0,406283,1.0
2021-09-09,1903,1903.TW,上市,64.900002,67.0,64.699997,66.400002,515250,1.0
2021-09-10,1903,1903.TW,上市,66.400002,67.900002,66.400002,67.599998,642257,1.0
2021-09-13,1903,1903.TW,上市,68.0,71.800003,68.0,70.900002,2137290,1.0
2021-09-14,1903,1903.TW,上市,71.300003,73.199997,68.300003,69.0,2317131,1.0
2021-09-15,1903,1903.TW,上市,68.199997,70.300003,67.5,70.300003,916050,1.0
2021-09-16,1903,1903.TW,上市,71.0,72.599998,69.699997,70.5,1918101,1.0
2021-09-17,1903,1903.TW,上市,70.900002,70.900002,67.300003,69.300003,5636589,1.0
2021-09-22,1903,1903.TW,上市,68.0,68.199997,65.5,66.5,697172,1.0
2021-09-23,1903,1903.TW,上市,66.5,67.400002,66.099998,66.800003,300050,1.0
2021-09-24,1903,1903.TW,上市,67.599998,72.800003,67.599998,69.199997,1276016,1.0
2021-09-27,1903,1903.TW,上市,71.5,74.0,70.099998,71.400002,3838741,1.0
2021-09-28,1903,1903.TW,上市,72.300003,73.199997,71.199997,71.800003,1956038,1.0
2021-09-29,1903,1903.TW,上市,72.0,72.800003,70.199997,72.599998,1137136,1.0
2021-09-30,1903,1903.TW,上市,73.099998,73.5,71.0,71.800003,1011137,1.0
2021-10-01,1903,1903.TW,上市,71.900002,74.699997,70.400002,72.5,3555004,1.0
2021-10-04,1903,1903.TW,上市,73.199997,74.0,69.099998,69.5,2041444,1.0
2021-10-05,1903,1903.TW,上市,69.300003,69.5,67.5,68.300003,750017,1.0
2021-10-06,1903,1903.TW,上市,68.699997,69.099998,66.0,66.0,723067,1.0
2021-10-07,1903,1903.TW,上市,66.0,68.099998,66.0,67.199997,438002,1.0
2021-10-08,1903,1903.TW,上市,68.0,68.0,65.800003,66.599998,414004,1.0
2021-10-12,1903,1903.TW,上市,65.800003,68.300003,65.599998,66.400002,454699,1.0
2021-10-13,1903,1903.TW,上市,66.599998,67.699997,66.099998,66.400002,306000,1.0
2021-10-14,1903,1903.TW,上市,67.400002,67.400002,65.5,65.900002,211005,1.0
2021-10-15,1903,1903.TW,上市,66.900002,67.300003,65.900002,67.0,231001,1.0
2021-10-18,1903,1903.TW,上市,67.400002,68.400002,66.5,67.0,196005,1.0
2021-10-19,1903,1903.TW,上市,67.199997,67.199997,66.0,66.599998,159033,1.0
2021-10-20,1903,1903.TW,上市,66.900002,67.0,66.099998,66.900002,136012,1.0
2021-10-21,1903,1903.TW,上市,66.300003,67.699997,66.300003,67.0,157200,1.0
2021-10-22,1903,1903.TW,上市,67.5,67.5,65.5,66.300003,292569,1.0
2021-10-25,1903,1903.TW,上市,66.199997,68.0,66.199997,67.199997,288022,1.0
2021-10-26,1903,1903.TW,上市,67.199997,69.0,66.699997,68.300003,407420,1.0
2021-10-27,1903,1903.TW,上市,68.599998,69.0,68.0,68.599998,180000,1.0
2021-10-28,1903,1903.TW,上市,68.900002,68.900002,67.400002,68.199997,198936,1.0
2021-10-29,1903,1903.TW,上市,68.400002,68.800003,67.300003,68.5,356001,1.0
2021-11-01,1903,1903.TW,上市,68.900002,70.5,68.900002,69.900002,450030,1.0
2021-11-02,1903,1903.TW,上市,70.0,70.5,69.0,69.5,264346,1.0
2021-11-03,1903,1903.TW,上市,69.900002,72.5,69.5,71.599998,748169,1.0
2021-11-04,1903,1903.TW,上市,72.300003,72.5,70.800003,71.699997,401500,1.0
2021-11-05,1903,1903.TW,上市,71.199997,71.699997,70.0,71.199997,226929,1.0
2021-11-08,1903,1903.TW,上市,70.300003,72.0,70.199997,71.800003,233360,1.0
2021-11-09,1903,1903.TW,上市,71.800003,72.699997,70.300003,71.900002,337583,1.0
2021-11-10,1903,1903.TW,上市,71.599998,72.300003,71.0,71.300003,194595,1.0
2021-11-11,1903,1903.TW,上市,71.400002,74.900002,71.400002,73.300003,1609224,1.0
2021-11-12,1903,1903.TW,上市,74.900002,76.400002,73.5,76.099998,1547030,1.0
2021-11-15,1903,1903.TW,上市,76.300003,76.900002,71.699997,73.0,1350054,1.0
2021-11-16,1903,1903.TW,上市,73.0,73.599998,71.300003,71.5,457220,1.0
2021-11-17,1903,1903.TW,上市,71.699997,72.800003,71.199997,72.0,403175,1.0
2021-11-18,1903,1903.TW,上市,72.300003,73.5,72.0,72.400002,429000,1.0
2021-11-19,1903,1903.TW,上市,72.5,72.800003,71.699997,72.5,264061,1.0
2021-11-22,1903,1903.TW,上市,73.0,73.0,71.599998,71.699997,200759,1.0
2021-11-23,1903,1903.TW,上市,71.599998,72.5,70.300003,70.300003,356141,1.0
2021-11-24,1903,1903.TW,上市,70.300003,71.599998,70.300003,71.5,236132,1.0
2021-11-25,1903,1903.TW,上市,71.599998,72.800003,71.599998,71.800003,366378,1.0
2021-11-26,1903,1903.TW,上市,71.699997,72.400002,70.300003,70.699997,354050,1.0
2021-11-29,1903,1903.TW,上市,70.0,70.599998,68.900002,69.099998,476253,1.0
2021-11-30,1903,1903.TW,上市,69.699997,72.300003,67.900002,67.900002,2360592,1.0
2021-12-01,1903,1903.TW,上市,68.099998,68.300003,65.5,65.800003,1526528,1.0
2021-12-02,1903,1903.TW,上市,66.099998,66.599998,65.699997,65.900002,547129,1.0
2021-12-03,1903,1903.TW,上市,66.199997,66.5,64.400002,64.699997,666550,1.0
2021-12-06,1903,1903.TW,上市,64.5,65.5,64.5,64.900002,188060,1.0
2021-12-07,1903,1903.TW,上市,65.0,65.400002,64.800003,65.099998,213033,1.0
2021-12-08,1903,1903.TW,上市,65.300003,65.599998,64.400002,65.5,315235,1.0
2021-12-09,1903,1903.TW,上市,65.599998,65.599998,64.699997,64.699997,168285,1.0
2021-12-10,1903,1903.TW,上市,64.599998,65.0,63.700001,64.0,290320,1.0
2021-12-13,1903,1903.TW,上市,64.0,64.800003,64.0,64.599998,137150,1.0
2021-12-14,1903,1903.TW,上市,64.599998,66.800003,63.900002,63.900002,820002,1.0
2021-12-15,1903,1903.TW,上市,64.0,64.400002,63.599998,63.700001,168840,1.0
2021-12-16,1903,1903.TW,上市,64.0,64.400002,63.400002,64.199997,144000,1.0
2021-12-17,1903,1903.TW,上市,64.199997,67.599998,64.099998,66.900002,916596,1.0
2021-12-20,1903,1903.TW,上市,65.900002,66.699997,64.5,65.300003,288381,1.0
2021-12-21,1903,1903.TW,上市,65.0,65.199997,64.199997,65.199997,114194,1.0
2021-12-22,1903,1903.TW,上市,65.300003,65.300003,64.5,64.599998,123311,1.0
2021-12-23,1903,1903.TW,上市,64.699997,65.699997,64.599998,65.099998,157002,1.0
2021-12-24,1903,1903.TW,上市,65.300003,66.199997,64.800003,65.800003,299864,1.0
2021-12-27,1903,1903.TW,上市,66.199997,66.800003,65.800003,65.800003,284030,1.0
2021-12-28,1903,1903.TW,上市,65.800003,65.800003,65.199997,65.199997,134047,1.0
2021-12-29,1903,1903.TW,上市,65.699997,65.900002,65.099998,65.5,145599,1.0
2021-12-30,1903,1903.TW,上市,65.5,65.5,64.5,64.900002,193551,1.0
2022-01-03,1903,1903.TW,上市,64.900002,65.199997,64.0,64.300003,199105,1.0
2022-01-04,1903,1903.TW,上市,64.099998,65.400002,64.099998,64.400002,138500,1.0
2022-01-05,1903,1903.TW,上市,64.0,64.300003,63.900002,64.099998,75186,1.0
2022-01-06,1903,1903.TW,上市,65.0,65.0,63.900002,64.0,148727,1.0
2022-01-07,1903,1903.TW,上市,64.5,65.699997,63.799999,64.199997,220222,1.0
2022-01-10,1903,1903.TW,上市,64.5,64.5,63.599998,64.099998,127082,1.0
2022-01-11,1903,1903.TW,上市,63.700001,64.099998,63.5,63.900002,125992,1.0
2022-01-12,1903,1903.TW,上市,63.900002,64.900002,63.900002,64.699997,74848,1.0
2022-01-13,1903,1903.TW,上市,64.800003,65.300003,64.699997,64.900002,115014,1.0
2022-01-14,1903,1903.TW,上市,65.199997,65.199997,63.599998,63.900002,96033,1.0
2022-01-17,1903,1903.TW,上市,63.599998,65.0,63.599998,63.900002,88125,1.0
2022-01-18,1903,1903.TW,上市,63.900002,64.400002,63.700001,64.0,67371,1.0
2022-01-19,1903,1903.TW,上市,63.700001,64.5,63.599998,64.5,77187,1.0
2022-01-20,1903,1903.TW,上市,64.400002,64.900002,63.799999,64.300003,83210,1.0
2022-01-21,1903,1903.TW,上市,63.900002,64.099998,63.599998,63.599998,123011,1.0
2022-01-24,1903,1903.TW,上市,63.299999,64.0,61.799999,62.799999,178001,1.0
2022-01-25,1903,1903.TW,上市,62.599998,63.400002,62.400002,63.299999,149062,1.0
2022-01-26,1903,1903.TW,上市,63.200001,64.0,63.0,63.099998,141015,1.0
2022-02-07,1903,1903.TW,上市,63.299999,63.700001,62.5,63.400002,131206,1.0
2022-02-08,1903,1903.TW,上市,63.400002,64.699997,63.400002,64.400002,130062,1.0
2022-02-09,1903,1903.TW,上市,64.400002,65.400002,64.400002,65.099998,182003,1.0
2022-02-10,1903,1903.TW,上市,64.599998,65.400002,64.599998,64.599998,64001,1.0
2022-02-11,1903,1903.TW,上市,63.799999,65.800003,63.799999,64.800003,145000,1.0
2022-02-14,1903,1903.TW,上市,64.300003,64.5,63.900002,64.0,89002,1.0
2022-02-15,1903,1903.TW,上市,64.0,65.199997,63.799999,64.199997,95001,1.0
2022-02-16,1903,1903.TW,上市,64.800003,65.0,63.599998,64.699997,112000,1.0
2022-02-17,1903,1903.TW,上市,64.900002,64.900002,63.799999,63.799999,90048,1.0
2022-02-18,1903,1903.TW,上市,64.199997,64.900002,64.0,64.800003,120004,1.0
2022-02-21,1903,1903.TW,上市,64.199997,64.900002,64.199997,64.5,45004,1.0
2022-02-22,1903,1903.TW,上市,64.5,64.5,63.299999,63.900002,102036,1.0
2022-02-23,1903,1903.TW,上市,63.799999,63.900002,63.400002,63.700001,63059,1.0
2022-02-24,1903,1903.TW,上市,63.5,64.400002,62.5,62.5,189011,1.0
2022-02-25,1903,1903.TW,上市,62.5,63.0,61.900002,62.099998,172001,1.0
2022-03-01,1903,1903.TW,上市,62.099998,64.300003,62.099998,63.099998,166011,1.0
2022-03-02,1903,1903.TW,上市,63.700001,64.199997,63.400002,63.700001,77080,1.0
2022-03-03,1903,1903.TW,上市,64.0,64.5,63.299999,63.799999,96008,1.0
2022-03-04,1903,1903.TW,上市,63.200001,64.699997,63.200001,63.799999,137332,1.0
2022-03-07,1903,1903.TW,上市,62.5,63.400002,60.599998,61.599998,290130,1.0
2022-03-08,1903,1903.TW,上市,60.099998,61.400002,59.5,59.599998,219051,1.0
2022-03-09,1903,1903.TW,上市,60.099998,62.5,60.0,61.5,148804,1.0
2022-03-10,1903,1903.TW,上市,60.799999,62.5,60.799999,61.700001,93233,1.0
2022-03-11,1903,1903.TW,上市,61.799999,62.400002,60.900002,60.900002,137000,1.0
2022-03-14,1903,1903.TW,上市,60.900002,61.299999,60.5,61.099998,68004,1.0
2022-03-15,1903,1903.TW,上市,61.200001,61.200001,59.799999,59.799999,107004,1.0
2022-03-16,1903,1903.TW,上市,60.099998,61.200001,59.299999,59.799999,193704,1.0
2022-03-17,1903,1903.TW,上市,61.099998,61.299999,60.0,60.200001,217027,1.0
2022-03-18,1903,1903.TW,上市,61.099998,61.900002,60.5,61.900002,158001,1.0
2022-03-21,1903,1903.TW,上市,61.900002,61.900002,61.400002,61.599998,71088,1.0
2022-03-22,1903,1903.TW,上市,60.700001,61.900002,60.700001,61.599998,49002,1.0
2022-03-23,1903,1903.TW,上市,61.599998,62.400002,61.299999,61.5,126171,1.0
2022-03-24,1903,1903.TW,上市,60.799999,61.5,60.799999,61.0,54038,1.0
2022-03-25,1903,1903.TW,上市,61.0,62.299999,60.799999,61.099998,125016,1.0
2022-03-28,1903,1903.TW,上市,61.099998,61.299999,59.700001,60.599998,101009,1.0
2022-03-29,1903,1903.TW,上市,60.400002,60.900002,60.299999,60.299999,64158,1.0
2022-03-30,1903,1903.TW,上市,60.5,61.0,60.299999,60.900002,73002,1.0
2022-03-31,1903,1903.TW,上市,60.599998,61.099998,60.599998,60.599998,53408,1.0
2022-04-01,1903,1903.TW,上市,60.599998,60.799999,60.400002,60.400002,59040,1.0
2022-04-06,1903,1903.TW,上市,60.299999,61.0,60.099998,60.900002,75100,1.0
2022-04-07,1903,1903.TW,上市,60.400002,60.700001,59.599998,60.400002,107000,1.0
2022-04-08,1903,1903.TW,上市,60.400002,60.400002,59.900002,60.400002,57010,1.0
2022-04-11,1903,1903.TW,上市,60.400002,60.400002,58.700001,59.400002,245002,1.0
2022-04-12,1903,1903.TW,上市,59.400002,59.900002,58.700001,58.700001,97001,1.0
2022-04-13,1903,1903.TW,上市,59.400002,59.400002,58.700001,58.900002,99178,1.0
2022-04-14,1903,1903.TW,上市,60.0,60.0,58.599998,58.900002,101010,1.0
2022-04-15,1903,1903.TW,上市,59.0,59.900002,58.099998,58.400002,124039,1.0
2022-04-18,1903,1903.TW,上市,58.0,58.299999,57.799999,58.299999,78486,1.0
2022-04-19,1903,1903.TW,上市,58.299999,58.700001,58.299999,58.599998,39001,1.0
2022-04-20,1903,1903.TW,上市,58.599998,59.299999,58.599998,58.900002,52049,1.0
2022-04-21,1903,1903.TW,上市,59.0,59.0,58.299999,58.299999,56169,1.0
2022-04-22,1903,1903.TW,上市,57.799999,59.5,56.799999,58.5,259001,1.0
2022-04-25,1903,1903.TW,上市,57.200001,58.0,57.0,57.0,92489,1.0
2022-04-26,1903,1903.TW,上市,57.200001,57.400002,56.799999,56.900002,76000,1.0
2022-04-27,1903,1903.TW,上市,56.200001,56.700001,55.400002,56.099998,122196,1.0
2022-04-28,1903,1903.TW,上市,56.200001,57.0,55.900002,56.599998,62000,1.0
2022-04-29,1903,1903.TW,上市,56.200001,57.0,55.799999,55.799999,133439,1.0
2022-05-03,1903,1903.TW,上市,55.700001,60.200001,55.700001,56.0,823015,1.0
2022-05-04,1903,1903.TW,上市,56.799999,56.900002,56.200001,56.700001,64020,1.0
2022-05-05,1903,1903.TW,上市,56.700001,57.099998,56.400002,56.700001,85011,1.0
2022-05-06,1903,1903.TW,上市,55.5,56.299999,55.400002,56.299999,82011,1.0
2022-05-09,1903,1903.TW,上市,55.5,56.0,55.200001,55.599998,110020,1.0
2022-05-10,1903,1903.TW,上市,54.599998,55.400002,54.599998,55.099998,93000,1.0
2022-05-11,1903,1903.TW,上市,54.599998,56.200001,54.599998,55.099998,67010,1.0
2022-05-12,1903,1903.TW,上市,54.799999,55.0,54.099998,54.5,129170,1.0
2022-05-13,1903,1903.TW,上市,54.700001,55.200001,54.599998,55.200001,104071,1.0
2022-05-16,1903,1903.TW,上市,55.400002,56.299999,55.0,55.900002,214086,1.0
2022-05-17,1903,1903.TW,上市,55.900002,57.400002,55.900002,57.400002,162003,1.0
2022-05-18,1903,1903.TW,上市,57.200001,57.700001,56.5,57.299999,120009,1.0
2022-05-19,1903,1903.TW,上市,57.0,57.099998,56.200001,56.599998,93080,1.0
2022-05-20,1903,1903.TW,上市,56.599998,57.400002,56.299999,57.099998,50004,1.0
2022-05-23,1903,1903.TW,上市,57.099998,57.599998,57.099998,57.299999,55020,1.0
2022-05-24,1903,1903.TW,上市,56.799999,57.799999,56.799999,57.200001,85001,1.0
2022-05-25,1903,1903.TW,上市,57.599998,58.200001,57.200001,58.200001,45053,1.0
2022-05-26,1903,1903.TW,上市,58.299999,59.200001,58.099998,58.900002,95043,1.0
2022-05-27,1903,1903.TW,上市,58.900002,59.400002,58.5,59.299999,62834,1.0
2022-05-30,1903,1903.TW,上市,59.0,59.700001,58.799999,58.900002,114152,1.0
2022-05-31,1903,1903.TW,上市,58.900002,59.299999,58.5,58.5,107282,1.0
2022-06-01,1903,1903.TW,上市,58.400002,59.200001,58.400002,58.599998,36004,1.0
2022-06-02,1903,1903.TW,上市,58.099998,59.099998,58.0,58.5,43246,1.0
2022-06-06,1903,1903.TW,上市,58.5,58.900002,57.799999,58.799999,44002,1.0
2022-06-07,1903,1903.TW,上市,58.700001,59.200001,58.299999,58.5,44102,1.0
2022-06-08,1903,1903.TW,上市,58.900002,59.099998,58.5,59.0,44010,1.0
2022-06-09,1903,1903.TW,上市,58.5,59.0,58.400002,58.5,53040,1.0
2022-06-10,1903,1903.TW,上市,57.099998,58.900002,57.099998,58.900002,108010,1.0
2022-06-13,1903,1903.TW,上市,57.5,57.900002,57.099998,57.099998,185001,1.0
2022-06-14,1903,1903.TW,上市,57.200001,58.299999,57.200001,58.0,66000,1.0
2022-06-15,1903,1903.TW,上市,58.400002,59.0,57.700001,58.400002,140160,1.0
2022-06-16,1903,1903.TW,上市,58.900002,58.900002,57.400002,57.5,174030,1.0
2022-06-17,1903,1903.TW,上市,57.5,57.900002,57.099998,57.700001,78000,1.0
2022-06-20,1903,1903.TW,上市,57.400002,57.400002,55.5,56.5,198052,1.0
2022-06-21,1903,1903.TW,上市,56.5,58.400002,56.5,58.400002,145074,1.0
2022-06-22,1903,1903.TW,上市,58.0,58.799999,56.099998,56.700001,160013,1.0
2022-06-23,1903,1903.TW,上市,57.5,58.099998,56.599998,57.400002,57432,1.0
2022-06-24,1903,1903.TW,上市,58.0,58.5,57.0,58.5,131000,1.0
2022-06-27,1903,1903.TW,上市,58.900002,59.5,58.5,58.5,105161,1.0
2022-06-28,1903,1903.TW,上市,58.799999,58.799999,57.5,57.799999,20578,1.0
2022-06-29,1903,1903.TW,上市,57.200001,57.900002,57.200001,57.799999,40000,1.0
2022-06-30,1903,1903.TW,上市,57.299999,58.099998,56.200001,56.700001,171000,1.0
2022-07-01,1903,1903.TW,上市,57.599998,57.599998,55.900002,56.299999,114000,1.0
2022-07-04,1903,1903.TW,上市,56.299999,57.0,55.799999,55.799999,50000,1.0
2022-07-05,1903,1903.TW,上市,57.0,58.400002,56.0,57.0,104293,1.0
2022-07-06,1903,1903.TW,上市,55.599998,57.200001,55.599998,55.599998,79001,1.0
2022-07-07,1903,1903.TW,上市,55.5,56.5,55.299999,56.099998,41311,1.0
2022-07-08,1903,1903.TW,上市,56.799999,56.799999,55.700001,55.799999,22227,1.0
2022-07-11,1903,1903.TW,上市,55.799999,56.299999,55.400002,56.0,29313,1.0
2022-07-12,1903,1903.TW,上市,57.599998,58.299999,54.400002,55.0,391000,1.0
2022-07-13,1903,1903.TW,上市,56.700001,56.700001,55.700001,56.0,75109,1.0
2022-07-14,1903,1903.TW,上市,55.200001,57.0,54.299999,55.900002,126000,1.0
2022-07-15,1903,1903.TW,上市,55.299999,56.599998,55.299999,56.0,80001,1.0
2022-07-18,1903,1903.TW,上市,57.0,57.200001,56.0,56.700001,197002,1.0
2022-07-19,1903,1903.TW,上市,56.5,56.900002,56.099998,56.599998,92001,1.0
2022-07-20,1903,1903.TW,上市,57.799999,58.299999,56.200001,56.400002,128000,1.0
2022-07-21,1903,1903.TW,上市,56.900002,56.900002,56.5,56.700001,30000,1.0
2022-07-22,1903,1903.TW,上市,56.5,57.299999,56.200001,57.0,116207,1.0
2022-07-25,1903,1903.TW,上市,56.700001,57.599998,56.599998,57.599998,56126,1.0
2022-07-26,1903,1903.TW,上市,57.900002,57.900002,56.900002,57.299999,101001,1.0
2022-07-27,1903,1903.TW,上市,57.0,57.599998,56.599998,57.400002,52000,1.0
2022-07-28,1903,1903.TW,上市,56.900002,57.099998,56.200001,56.299999,160000,1.0
2022-07-29,1903,1903.TW,上市,56.900002,57.099998,55.799999,56.400002,108001,1.0
2022-08-01,1903,1903.TW,上市,56.099998,57.0,56.099998,56.200001,116000,1.0
2022-08-02,1903,1903.TW,上市,56.0,56.700001,55.599998,56.200001,118019,1.0
2022-08-03,1903,1903.TW,上市,57.099998,57.099998,55.5,55.5,48000,1.0
2022-08-04,1903,1903.TW,上市,55.299999,56.700001,55.0,55.599998,147000,1.0
2022-08-05,1903,1903.TW,上市,55.5,57.0,55.5,56.700001,239020,1.0
2022-08-08,1903,1903.TW,上市,56.0,56.200001,55.200001,56.200001,84000,1.0
2022-08-09,1903,1903.TW,上市,55.700001,56.0,55.0,55.400002,132002,1.0
2022-08-10,1903,1903.TW,上市,55.0,55.599998,54.400002,55.400002,134001,1.0
2022-08-11,1903,1903.TW,上市,55.799999,56.200001,55.700001,55.900002,22000,1.0
2022-08-12,1903,1903.TW,上市,56.299999,57.299999,56.299999,56.799999,48001,1.0
2022-08-15,1903,1903.TW,上市,57.0,57.799999,56.799999,57.299999,218001,1.0
2022-08-16,1903,1903.TW,上市,57.299999,57.900002,56.900002,57.5,64572,1.0
2022-08-17,1903,1903.TW,上市,57.799999,59.299999,57.0,57.099998,285003,1.0
2022-08-18,1903,1903.TW,上市,56.799999,57.200001,56.599998,57.0,65056,1.0
2022-08-19,1903,1903.TW,上市,56.799999,57.0,56.299999,56.5,73082,1.0
2022-08-22,1903,1903.TW,上市,56.099998,57.200001,56.099998,56.599998,35000,1.0
2022-08-23,1903,1903.TW,上市,56.200001,57.400002,55.799999,55.799999,113075,1.0
2022-08-24,1903,1903.TW,上市,56.0,56.700001,55.900002,56.0,145100,1.0
2022-08-25,1903,1903.TW,上市,56.299999,56.599998,56.200001,56.200001,24000,1.0
2022-08-26,1903,1903.TW,上市,56.700001,57.200001,56.299999,56.799999,46080,1.0
2022-08-29,1903,1903.TW,上市,56.799999,57.0,56.0,56.599998,89001,1.0
2022-08-30,1903,1903.TW,上市,56.0,56.599998,56.0,56.200001,34000,1.0
2022-08-31,1903,1903.TW,上市,56.599998,57.299999,56.599998,56.900002,68400,1.0
2022-09-01,1903,1903.TW,上市,56.700001,57.099998,55.900002,56.099998,84000,1.0
2022-09-02,1903,1903.TW,上市,56.700001,56.900002,56.299999,56.700001,58000,1.0
2022-09-05,1903,1903.TW,上市,56.099998,56.299999,56.0,56.099998,36207,1.0
2022-09-06,1903,1903.TW,上市,56.799999,56.799999,55.900002,56.099998,32000,1.0
2022-09-07,1903,1903.TW,上市,55.700001,55.799999,55.400002,55.599998,50000,1.0
2022-09-08,1903,1903.TW,上市,56.700001,56.700001,55.5,56.099998,29010,1.0
2022-09-12,1903,1903.TW,上市,56.099998,57.200001,55.900002,56.400002,38247,1.0
2022-09-13,1903,1903.TW,上市,56.5,56.799999,56.0,56.0,36060,1.0
2022-09-14,1903,1903.TW,上市,55.5,56.200001,55.5,55.599998,66000,1.0
2022-09-15,1903,1903.TW,上市,55.5,56.200001,55.5,55.700001,18000,1.0
2022-09-16,1903,1903.TW,上市,55.5,56.099998,55.400002,56.0,57490,1.0
2022-09-19,1903,1903.TW,上市,55.900002,56.0,55.5,55.799999,32100,1.0
2022-09-20,1903,1903.TW,上市,55.700001,56.200001,55.700001,55.900002,19000,1.0
2022-09-21,1903,1903.TW,上市,56.200001,56.200001,55.5,55.5,33008,1.0
2022-09-22,1903,1903.TW,上市,55.5,56.0,55.299999,55.700001,41010,1.0
2022-09-23,1903,1903.TW,上市,55.599998,55.900002,55.0,55.599998,96000,1.0
2022-09-26,1903,1903.TW,上市,54.900002,55.299999,54.799999,55.0,46317,1.0
2022-09-27,1903,1903.TW,上市,55.099998,55.099998,54.599998,54.900002,14015,1.0
2022-09-28,1903,1903.TW,上市,54.700001,54.799999,53.599998,53.599998,100004,1.0
2022-09-29,1903,1903.TW,上市,53.599998,54.0,51.799999,53.200001,99836,1.0
2022-09-30,1903,1903.TW,上市,52.0,53.0,51.900002,52.400002,90000,1.0
2022-10-03,1903,1903.TW,上市,51.799999,52.299999,51.299999,51.599998,46009,1.0
2022-10-04,1903,1903.TW,上市,51.700001,52.0,51.5,51.900002,60835,1.0
2022-10-05,1903,1903.TW,上市,51.799999,53.099998,51.799999,52.599998,60100,1.0
2022-10-06,1903,1903.TW,上市,52.5,52.5,51.700001,52.200001,35351,1.0
2022-10-07,1903,1903.TW,上市,51.700001,52.400002,51.599998,52.200001,44000,1.0
2022-10-11,1903,1903.TW,上市,51.5,51.5,51.0,51.099998,66304,1.0
2022-10-12,1903,1903.TW,上市,51.299999,51.5,50.299999,51.400002,69005,1.0
2022-10-13,1903,1903.TW,上市,51.400002,51.400002,48.849998,48.849998,221300,1.0
2022-10-14,1903,1903.TW,上市,49.0,50.200001,49.0,49.900002,60000,1.0
2022-10-17,1903,1903.TW,上市,48.299999,49.650002,48.299999,49.5,35140,1.0
2022-10-18,1903,1903.TW,上市,49.5,49.900002,48.799999,49.5,72160,1.0
2022-10-19,1903,1903.TW,上市,49.450001,50.299999,48.900002,49.900002,56000,1.0
2022-10-20,1903,1903.TW,上市,49.75,49.75,48.799999,49.450001,54001,1.0
2022-10-21,1903,1903.TW,上市,49.299999,49.5,48.599998,49.349998,63572,1.0
2022-10-24,1903,1903.TW,上市,49.950001,49.950001,48.950001,49.549999,41000,1.0
2022-10-25,1903,1903.TW,上市,49.900002,49.900002,48.099998,48.450001,131010,1.0
2022-10-26,1903,1903.TW,上市,49.549999,49.549999,48.349998,48.599998,36001,1.0
2022-10-27,1903,1903.TW,上市,48.599998,49.099998,48.299999,48.549999,62000,1.0
2022-10-28,1903,1903.TW,上市,48.549999,48.849998,47.900002,48.099998,65394,1.0
2022-10-31,1903,1903.TW,上市,48.0,48.400002,47.75,47.849998,75000,1.0
2022-11-01,1903,1903.TW,上市,47.700001,48.299999,47.700001,48.099998,39000,1.0
2022-11-02,1903,1903.TW,上市,47.900002,48.549999,47.900002,47.900002,63220,1.0
2022-11-03,1903,1903.TW,上市,47.700001,48.0,47.599998,48.0,53011,1.0
2022-11-04,1903,1903.TW,上市,47.900002,48.549999,47.900002,48.25,83664,1.0
2022-11-07,1903,1903.TW,上市,48.299999,48.849998,47.700001,48.5,58062,1.0
2022-11-08,1903,1903.TW,上市,48.5,48.599998,48.200001,48.5,23015,1.0
2022-11-09,1903,1903.TW,上市,48.5,49.0,48.450001,49.0,52250,1.0
2022-11-10,1903,1903.TW,上市,49.0,49.450001,48.900002,48.900002,60063,1.0
2022-11-11,1903,1903.TW,上市,49.5,49.950001,49.299999,49.599998,120003,1.0
2022-11-14,1903,1903.TW,上市,49.400002,50.5,49.049999,50.5,224003,1.0
2022-11-15,1903,1903.TW,上市,49.799999,50.900002,49.549999,50.099998,153001,1.0
2022-11-16,1903,1903.TW,上市,49.950001,50.099998,49.450001,49.450001,85000,1.0
2022-11-17,1903,1903.TW,上市,49.400002,50.400002,49.400002,49.799999,105080,1.0
2022-11-18,1903,1903.TW,上市,49.799999,50.200001,49.5,49.799999,63021,1.0
2022-11-21,1903,1903.TW,上市,49.700001,49.950001,49.349998,49.900002,60000,1.0
2022-11-22,1903,1903.TW,上市,49.849998,49.900002,49.450001,49.549999,65002,1.0
2022-11-23,1903,1903.TW,上市,49.549999,50.799999,49.549999,50.599998,121001,1.0
2022-11-24,1903,1903.TW,上市,50.900002,51.400002,50.299999,51.200001,131003,1.0
2022-11-25,1903,1903.TW,上市,51.200001,52.0,50.400002,51.700001,118010,1.0
2022-11-28,1903,1903.TW,上市,52.599998,52.900002,51.599998,52.599998,126181,1.0
2022-11-29,1903,1903.TW,上市,52.599998,52.599998,51.799999,52.200001,40002,1.0
2022-11-30,1903,1903.TW,上市,52.200001,52.700001,51.900002,52.700001,75000,1.0
2022-12-01,1903,1903.TW,上市,53.299999,53.400002,52.299999,52.5,85004,1.0
2022-12-02,1903,1903.TW,上市,53.099998,53.099998,51.799999,52.099998,47641,1.0
2022-12-05,1903,1903.TW,上市,51.0,51.900002,50.299999,51.5,86211,1.0
2022-12-06,1903,1903.TW,上市,51.5,51.5,50.299999,50.700001,131023,1.0
2022-12-07,1903,1903.TW,上市,50.099998,51.0,49.5,50.700001,153002,1.0
2022-12-08,1903,1903.TW,上市,50.700001,50.700001,50.0,50.400002,35001,1.0
2022-12-09,1903,1903.TW,上市,50.400002,51.0,50.400002,50.5,46115,1.0
2022-12-12,1903,1903.TW,上市,50.799999,50.799999,50.099998,50.099998,19000,1.0
2022-12-13,1903,1903.TW,上市,50.099998,50.700001,49.849998,50.400002,27000,1.0
2022-12-14,1903,1903.TW,上市,50.5,50.700001,50.200001,50.5,55001,1.0
2022-12-15,1903,1903.TW,上市,50.700001,50.700001,50.400002,50.400002,39015,1.0
2022-12-16,1903,1903.TW,上市,49.200001,50.400002,49.200001,49.950001,83020,1.0
2022-12-19,1903,1903.TW,上市,49.549999,50.099998,49.5,49.799999,51000,1.0
2022-12-20,1903,1903.TW,上市,49.549999,49.950001,49.299999,49.799999,83041,1.0
2022-12-21,1903,1903.TW,上市,49.799999,50.5,49.5,49.599998,51112,1.0
2022-12-22,1903,1903.TW,上市,49.650002,49.900002,49.450001,49.650002,31001,1.0
2022-12-23,1903,1903.TW,上市,49.599998,49.599998,49.299999,49.450001,27066,1.0
2022-12-26,1903,1903.TW,上市,49.799999,50.099998,49.450001,50.0,51005,1.0
2022-12-27,1903,1903.TW,上市,50.0,50.299999,49.799999,49.950001,59001,1.0
2022-12-28,1903,1903.TW,上市,49.900002,49.950001,49.299999,49.299999,92030,1.0
2022-12-29,1903,1903.TW,上市,49.349998,49.599998,49.099998,49.450001,60003,1.0
2022-12-30,1903,1903.TW,上市,49.75,49.950001,49.5,49.799999,41243,1.0
2023-01-03,1903,1903.TW,上市,50.0,50.0,49.5,49.799999,19000,1.0
2023-01-04,1903,1903.TW,上市,49.799999,49.900002,49.599998,49.849998,43002,1.0
2023-01-05,1903,1903.TW,上市,49.849998,50.700001,49.849998,50.0,73050,1.0
2023-01-06,1903,1903.TW,上市,50.0,50.0,49.700001,50.0,37208,1.0
2023-01-09,1903,1903.TW,上市,50.099998,50.099998,49.299999,50.0,70007,1.0
2023-01-10,1903,1903.TW,上市,49.75,49.900002,49.549999,49.849998,40096,1.0
2023-01-11,1903,1903.TW,上市,50.099998,50.400002,49.549999,50.0,47020,1.0
2023-01-12,1903,1903.TW,上市,49.75,49.849998,49.299999,49.450001,90220,1.0
2023-01-13,1903,1903.TW,上市,49.299999,49.700001,48.0,48.150002,256062,1.0
2023-01-16,1903,1903.TW,上市,48.150002,48.900002,47.75,48.0,148003,1.0
2023-01-17,1903,1903.TW,上市,48.299999,48.549999,48.049999,48.049999,68063,1.0
2023-01-30,1903,1903.TW,上市,48.200001,48.75,47.849998,47.849998,146001,1.0
2023-01-31,1903,1903.TW,上市,47.900002,47.900002,47.700001,47.849998,218120,1.0
2023-02-01,1903,1903.TW,上市,47.849998,48.700001,47.849998,48.400002,99186,1.0
2023-02-02,1903,1903.TW,上市,48.299999,48.900002,48.150002,48.849998,131330,1.0
2023-02-03,1903,1903.TW,上市,48.849998,49.5,48.549999,49.5,192004,1.0
2023-02-06,1903,1903.TW,上市,49.950001,49.950001,49.25,49.25,127556,1.0
2023-02-07,1903,1903.TW,上市,49.150002,49.5,49.150002,49.400002,82002,1.0
2023-02-08,1903,1903.TW,上市,49.25,49.599998,49.200001,49.549999,106148,1.0
2023-02-09,1903,1903.TW,上市,49.049999,49.599998,49.049999,49.150002,60002,1.0
2023-02-10,1903,1903.TW,上市,49.099998,49.400002,48.849998,49.349998,76003,1.0
2023-02-13,1903,1903.TW,上市,49.349998,49.5,49.049999,49.099998,57058,1.0
2023-02-14,1903,1903.TW,上市,49.200001,49.450001,49.099998,49.200001,381005,1.0
2023-02-15,1903,1903.TW,上市,48.0,48.75,48.0,48.5,370001,1.0
2023-02-16,1903,1903.TW,上市,48.700001,49.150002,48.700001,48.700001,57000,1.0
2023-02-17,1903,1903.TW,上市,49.0,50.0,48.849998,49.150002,179002,1.0
2023-02-20,1903,1903.TW,上市,49.150002,49.25,48.900002,49.0,117003,1.0
2023-02-21,1903,1903.TW,上市,48.950001,49.349998,48.900002,49.25,134031,1.0
2023-02-22,1903,1903.TW,上市,49.049999,49.049999,48.400002,48.900002,107243,1.0
2023-02-23,1903,1903.TW,上市,48.799999,49.200001,48.799999,49.099998,185000,1.0
2023-02-24,1903,1903.TW,上市,49.099998,49.099998,48.599998,48.799999,186001,1.0
2023-03-01,1903,1903.TW,上市,48.599998,48.700001,48.299999,48.5,88002,1.0
2023-03-02,1903,1903.TW,上市,48.400002,48.75,48.25,48.700001,107003,1.0
2023-03-03,1903,1903.TW,上市,48.450001,48.900002,48.450001,48.700001,72011,1.0
2023-03-06,1903,1903.TW,上市,48.700001,49.700001,48.650002,48.950001,126200,1.0
2023-03-07,1903,1903.TW,上市,48.799999,49.150002,48.799999,48.950001,190001,1.0
2023-03-08,1903,1903.TW,上市,49.150002,49.25,48.650002,49.25,112002,1.0
2023-03-09,1903,1903.TW,上市,49.25,49.25,48.599998,48.650002,138032,1.0
2023-03-10,1903,1903.TW,上市,49.0,49.0,48.099998,48.200001,164000,1.0
2023-03-13,1903,1903.TW,上市,48.150002,48.5,47.700001,48.450001,123003,1.0
2023-03-14,1903,1903.TW,上市,47.849998,48.150002,47.599998,48.0,209347,1.0
2023-03-15,1903,1903.TW,上市,47.900002,47.950001,47.400002,47.549999,220003,1.0
2023-03-16,1903,1903.TW,上市,47.549999,47.549999,46.549999,47.0,146157,1.0
2023-03-17,1903,1903.TW,上市,47.700001,47.700001,45.099998,45.099998,10351114,1.0
2023-03-20,1903,1903.TW,上市,45.150002,45.299999,42.450001,42.650002,2138140,1.0
2023-03-21,1903,1903.TW,上市,42.650002,43.150002,42.650002,42.950001,525021,1.0
2023-03-22,1903,1903.TW,上市,43.5,44.0,42.950001,43.5,1388006,1.0
2023-03-23,1903,1903.TW,上市,43.400002,45.799999,43.299999,44.900002,2239196,1.0
2023-03-24,1903,1903.TW,上市,44.900002,46.0,44.5,44.599998,532195,1.0
2023-03-27,1903,1903.TW,上市,44.599998,44.700001,43.75,43.849998,483017,1.0
2023-03-28,1903,1903.TW,上市,44.0,44.0,43.0,43.200001,340458,1.0
2023-03-29,1903,1903.TW,上市,43.700001,43.700001,43.0,43.0,227002,1.0
2023-03-30,1903,1903.TW,上市,43.150002,43.25,42.549999,43.0,637128,1.0
2023-03-31,1903,1903.TW,上市,43.049999,44.200001,43.049999,43.650002,424050,1.0
2023-04-06,1903,1903.TW,上市,43.650002,43.950001,43.650002,43.700001,218000,1.0
2023-04-07,1903,1903.TW,上市,43.75,43.75,43.049999,43.200001,261006,1.0
2023-04-10,1903,1903.TW,上市,43.25,43.400002,43.049999,43.049999,268005,1.0
2023-04-11,1903,1903.TW,上市,43.099998,43.400002,42.900002,43.25,581000,1.0
2023-04-12,1903,1903.TW,上市,43.299999,44.349998,43.299999,44.049999,341280,1.0
2023-04-13,1903,1903.TW,上市,43.950001,44.0,43.25,43.599998,240208,1.0
2023-04-14,1903,1903.TW,上市,43.700001,45.650002,43.400002,44.549999,455001,1.0
2023-04-17,1903,1903.TW,上市,44.5,44.799999,44.400002,44.5,254001,1.0
2023-04-18,1903,1903.TW,上市,44.5,44.849998,44.099998,44.450001,112000,1.0
2023-04-19,1903,1903.TW,上市,44.200001,45.200001,43.599998,43.849998,407000,1.0
2023-04-20,1903,1903.TW,上市,43.900002,46.900002,43.700001,43.799999,2606920,1.0
2023-04-21,1903,1903.TW,上市,44.099998,46.5,43.299999,43.799999,4651100,1.0
2023-04-24,1903,1903.TW,上市,43.799999,45.400002,43.700001,43.900002,1077098,1.0
2023-04-25,1903,1903.TW,上市,44.0,44.650002,43.049999,43.099998,722683,1.0
2023-04-26,1903,1903.TW,上市,43.700001,43.700001,42.799999,43.099998,309455,1.0
2023-04-27,1903,1903.TW,上市,43.0,43.5,42.650002,43.450001,255000,1.0
2023-04-28,1903,1903.TW,上市,43.549999,43.900002,43.349998,43.450001,160259,1.0
2023-05-02,1903,1903.TW,上市,43.299999,44.700001,43.299999,44.400002,531147,1.0
2023-05-03,1903,1903.TW,上市,44.5,44.5,43.950001,44.150002,138600,1.0
2023-05-04,1903,1903.TW,上市,43.75,44.450001,43.75,44.25,170001,1.0
2023-05-05,1903,1903.TW,上市,44.450001,44.5,44.150002,44.150002,130600,1.0
2023-05-08,1903,1903.TW,上市,44.25,44.299999,44.049999,44.150002,97000,1.0
2023-05-09,1903,1903.TW,上市,44.150002,44.5,43.299999,43.349998,453000,1.0
2023-05-10,1903,1903.TW,上市,43.400002,43.799999,43.200001,43.799999,336035,1.0
2023-05-11,1903,1903.TW,上市,43.549999,43.799999,42.799999,43.049999,335019,1.0
2023-05-12,1903,1903.TW,上市,42.849998,43.150002,42.849998,42.900002,164220,1.0
2023-05-15,1903,1903.TW,上市,42.799999,43.0,42.599998,42.950001,118698,1.0
2023-05-16,1903,1903.TW,上市,43.049999,43.349998,43.049999,43.200001,94398,1.0
2023-05-17,1903,1903.TW,上市,43.400002,44.299999,43.400002,44.0,284000,1.0
2023-05-18,1903,1903.TW,上市,43.900002,44.5,43.849998,44.200001,224061,1.0
2023-05-19,1903,1903.TW,上市,44.450001,44.5,43.700001,43.75,185115,1.0
2023-05-22,1903,1903.TW,上市,43.799999,44.299999,43.75,44.25,167160,1.0
2023-05-23,1903,1903.TW,上市,44.299999,44.799999,44.150002,44.349998,238097,1.0
2023-05-24,1903,1903.TW,上市,44.5,44.5,44.099998,44.299999,97001,1.0
2023-05-25,1903,1903.TW,上市,44.200001,44.450001,44.0,44.150002,92201,1.0
2023-05-26,1903,1903.TW,上市,44.650002,44.650002,43.549999,43.549999,143076,1.0
2023-05-29,1903,1903.TW,上市,44.400002,44.400002,43.5,43.75,170002,1.0
2023-05-30,1903,1903.TW,上市,44.0,44.0,43.650002,43.799999,90645,1.0
2023-05-31,1903,1903.TW,上市,44.0,44.049999,43.450001,44.049999,214233,1.0
2023-06-01,1903,1903.TW,上市,43.799999,44.75,43.700001,44.349998,271001,1.0
2023-06-02,1903,1903.TW,上市,44.950001,44.950001,44.349998,44.599998,355002,1.0
2023-06-05,1903,1903.TW,上市,44.5,44.75,44.200001,44.450001,174002,1.0
2023-06-06,1903,1903.TW,上市,46.5,48.849998,46.25,48.849998,2354006,1.0
2023-06-07,1903,1903.TW,上市,50.5,53.700001,50.5,53.700001,10881925,1.0
2023-06-08,1903,1903.TW,上市,54.5,56.799999,52.5,54.400002,8742927,1.0
2023-06-09,1903,1903.TW,上市,54.0,59.700001,53.799999,58.599998,5365926,1.0
2023-06-12,1903,1903.TW,上市,58.099998,59.700001,55.700001,55.700001,2854065,1.0
2023-06-13,1903,1903.TW,上市,56.0,56.099998,53.700001,55.0,2041355,1.0
2023-06-14,1903,1903.TW,上市,55.0,55.5,53.700001,54.099998,1007040,1.0
2023-06-15,1903,1903.TW,上市,54.5,56.0,54.099998,54.799999,1030465,1.0
2023-06-16,1903,1903.TW,上市,54.599998,55.700001,54.299999,54.799999,602167,1.0
2023-06-19,1903,1903.TW,上市,54.700001,55.599998,53.900002,54.0,465120,1.0
2023-06-20,1903,1903.TW,上市,54.299999,54.400002,53.299999,54.200001,472045,1.0
2023-06-21,1903,1903.TW,上市,54.599998,55.299999,53.400002,54.200001,635351,1.0
2023-06-26,1903,1903.TW,上市,53.700001,53.900002,52.5,52.799999,658251,1.0
2023-06-27,1903,1903.TW,上市,52.799999,52.799999,50.799999,51.5,763001,1.0
2023-06-28,1903,1903.TW,上市,51.599998,51.900002,50.0,50.900002,577207,1.0
2023-06-29,1903,1903.TW,上市,51.400002,51.599998,50.599998,51.299999,268004,1.0
2023-06-30,1903,1903.TW,上市,51.700001,51.900002,51.200001,51.700001,175201,1.0
2023-07-03,1903,1903.TW,上市,53.5,53.5,51.599998,51.599998,514001,1.0
2023-07-04,1903,1903.TW,上市,52.0,52.0,50.799999,51.099998,604176,1.0
2023-07-05,1903,1903.TW,上市,52.0,56.200001,52.0,53.799999,2972520,1.0
2023-07-06,1903,1903.TW,上市,53.099998,53.400002,51.400002,51.900002,1002895,1.0
2023-07-07,1903,1903.TW,上市,51.5,52.0,50.900002,52.0,442079,1.0
2023-07-10,1903,1903.TW,上市,52.0,52.900002,51.5,52.5,391010,1.0
2023-07-11,1903,1903.TW,上市,52.700001,53.400002,52.0,52.200001,254005,1.0
2023-07-12,1903,1903.TW,上市,52.400002,52.400002,51.5,51.5,245190,1.0
2023-07-13,1903,1903.TW,上市,51.5,51.599998,50.700001,51.099998,329001,1.0
2023-07-14,1903,1903.TW,上市,51.200001,52.299999,51.099998,51.5,250000,1.0
2023-07-17,1903,1903.TW,上市,51.5,52.099998,51.0,51.400002,178005,1.0
2023-07-18,1903,1903.TW,上市,51.299999,51.5,50.5,50.700001,321000,1.0
2023-07-19,1903,1903.TW,上市,50.700001,51.200001,50.400002,50.799999,187000,1.0
2023-07-20,1903,1903.TW,上市,51.400002,52.599998,51.099998,51.799999,239000,1.0
2023-07-21,1903,1903.TW,上市,53.5,56.900002,53.5,56.900002,5144183,1.0
2023-07-24,1903,1903.TW,上市,60.099998,62.5,60.0,62.5,6060016,1.0
2023-07-25,1903,1903.TW,上市,68.300003,68.699997,66.599998,68.699997,4200121,1.0
2023-07-26,1903,1903.TW,上市,74.300003,74.400002,66.5,68.199997,11050102,1.0
2023-07-27,1903,1903.TW,上市,69.699997,75.0,68.199997,75.0,12755832,1.0
2023-07-28,1903,1903.TW,上市,74.800003,74.800003,69.800003,71.0,9638658,1.0
2023-07-31,1903,1903.TW,上市,71.0,71.800003,67.599998,68.5,5757635,1.0
2023-08-01,1903,1903.TW,上市,69.5,69.599998,64.800003,66.800003,3388291,1.0
2023-08-02,1903,1903.TW,上市,67.0,69.400002,63.700001,64.5,4571102,1.0
2023-08-04,1903,1903.TW,上市,63.900002,65.0,63.0,64.300003,1387048,1.0
2023-08-07,1903,1903.TW,上市,64.300003,64.300003,61.799999,63.700001,1648211,1.0
2023-08-08,1903,1903.TW,上市,64.199997,64.400002,62.099998,62.700001,873000,1.0
2023-08-09,1903,1903.TW,上市,62.700001,63.099998,61.599998,61.700001,577272,1.0
2023-08-10,1903,1903.TW,上市,61.700001,61.799999,59.0,59.599998,1827138,1.0
2023-08-11,1903,1903.TW,上市,59.799999,60.700001,58.599998,58.700001,708200,1.0
2023-08-14,1903,1903.TW,上市,58.700001,58.700001,56.5,56.900002,811008,1.0
2023-08-15,1903,1903.TW,上市,57.400002,57.799999,56.700001,57.299999,330130,1.0
2023-08-16,1903,1903.TW,上市,57.299999,57.299999,55.299999,56.200001,553000,1.0
2023-08-17,1903,1903.TW,上市,55.900002,56.799999,55.200001,56.700001,596060,1.0
2023-08-18,1903,1903.TW,上市,56.700001,56.700001,54.5,54.799999,868000,1.0
2023-08-21,1903,1903.TW,上市,54.799999,55.900002,54.099998,54.599998,443699,1.0
2023-08-22,1903,1903.TW,上市,54.900002,55.099998,53.5,54.200001,547003,1.0
2023-08-23,1903,1903.TW,上市,54.200001,55.799999,54.200001,55.400002,612037,1.0
2023-08-24,1903,1903.TW,上市,55.599998,55.599998,54.200001,54.599998,532000,1.0
2023-08-25,1903,1903.TW,上市,54.099998,55.900002,54.0,55.5,366000,1.0
2023-08-28,1903,1903.TW,上市,55.5,55.5,54.200001,54.5,491061,1.0
2023-08-29,1903,1903.TW,上市,54.700001,59.900002,54.599998,59.900002,2766471,1.0
2023-08-30,1903,1903.TW,上市,59.900002,60.900002,56.700001,58.700001,3667096,1.0
2023-08-31,1903,1903.TW,上市,58.700001,63.0,57.700001,61.5,1809085,1.0
2023-09-01,1903,1903.TW,上市,61.5,61.900002,60.599998,61.0,538500,1.0
2023-09-04,1903,1903.TW,上市,60.799999,62.200001,60.599998,61.700001,756003,1.0
2023-09-05,1903,1903.TW,上市,61.799999,62.0,60.0,60.299999,547010,1.0
2023-09-06,1903,1903.TW,上市,60.299999,61.200001,60.099998,60.700001,390100,1.0
2023-09-07,1903,1903.TW,上市,61.0,61.5,60.200001,60.299999,386001,1.0
2023-09-08,1903,1903.TW,上市,60.200001,60.700001,59.700001,59.900002,364001,1.0
2023-09-11,1903,1903.TW,上市,59.400002,60.400002,58.599998,59.299999,469100,1.0
2023-09-12,1903,1903.TW,上市,60.0,60.400002,58.900002,59.599998,268285,1.0
2023-09-13,1903,1903.TW,上市,60.599998,62.599998,60.299999,61.599998,1288164,1.0
2023-09-14,1903,1903.TW,上市,61.700001,61.700001,55.5,58.200001,3706433,1.0
2023-09-15,1903,1903.TW,上市,58.0,58.0,56.5,56.700001,1137173,1.0
2023-09-18,1903,1903.TW,上市,56.799999,57.299999,56.5,56.599998,294089,1.0
2023-09-19,1903,1903.TW,上市,57.099998,57.799999,55.599998,55.599998,543200,1.0
2023-09-20,1903,1903.TW,上市,55.400002,55.700001,55.099998,55.400002,348000,1.0
2023-09-21,1903,1903.TW,上市,55.400002,55.400002,54.099998,54.5,546120,1.0
2023-09-22,1903,1903.TW,上市,54.5,55.099998,53.799999,54.900002,233200,1.0
2023-09-25,1903,1903.TW,上市,55.099998,55.200001,54.5,54.599998,356322,1.0
2023-09-26,1903,1903.TW,上市,55.200001,55.5,54.200001,54.799999,332110,1.0
2023-09-27,1903,1903.TW,上市,54.599998,55.5,54.5,55.0,245000,1.0
2023-09-28,1903,1903.TW,上市,55.200001,56.700001,55.200001,55.599998,430207,1.0
2023-10-02,1903,1903.TW,上市,56.0,56.099998,55.599998,55.799999,231500,1.0
2023-10-03,1903,1903.TW,上市,56.099998,57.599998,55.700001,55.799999,581240,1.0
2023-10-04,1903,1903.TW,上市,55.5,55.5,54.400002,54.700001,356105,1.0
2023-10-05,1903,1903.TW,上市,55.0,55.599998,54.900002,55.200001,145001,1.0
2023-10-06,1903,1903.TW,上市,55.5,56.200001,55.5,55.799999,189001,1.0
2023-10-11,1903,1903.TW,上市,56.0,56.400002,55.099998,56.299999,273000,1.0
2023-10-12,1903,1903.TW,上市,56.5,56.5,55.700001,56.299999,151000,1.0
2023-10-13,1903,1903.TW,上市,56.299999,57.5,55.5,55.5,381062,1.0
2023-10-16,1903,1903.TW,上市,55.700001,57.400002,55.599998,56.5,576059,1.0
2023-10-17,1903,1903.TW,上市,56.599998,56.900002,55.200001,55.299999,333166,1.0
2023-10-18,1903,1903.TW,上市,55.599998,55.599998,54.400002,54.400002,365502,1.0
2023-10-19,1903,1903.TW,上市,54.5,54.5,53.599998,54.099998,190170,1.0
2023-10-20,1903,1903.TW,上市,54.099998,54.099998,52.0,53.0,593270,1.0
2023-10-23,1903,1903.TW,上市,53.0,53.299999,52.299999,52.700001,175006,1.0
2023-10-24,1903,1903.TW,上市,53.200001,53.299999,52.599998,53.0,158171,1.0
2023-10-25,1903,1903.TW,上市,53.599998,53.900002,53.099998,53.299999,195000,1.0
2023-10-26,1903,1903.TW,上市,52.799999,52.900002,52.299999,52.599998,209200,1.0
2023-10-27,1903,1903.TW,上市,52.900002,53.700001,52.599998,53.0,193222,1.0
2023-10-30,1903,1903.TW,上市,53.099998,53.5,52.5,52.5,98081,1.0
2023-10-31,1903,1903.TW,上市,52.700001,52.799999,51.0,51.200001,474050,1.0
2023-11-01,1903,1903.TW,上市,51.599998,52.299999,51.200001,52.0,196006,1.0
2023-11-02,1903,1903.TW,上市,52.5,53.200001,52.299999,52.299999,250252,1.0
2023-11-03,1903,1903.TW,上市,52.700001,54.5,52.700001,53.5,347000,1.0
2023-11-06,1903,1903.TW,上市,53.700001,54.799999,53.700001,54.700001,246006,1.0
2023-11-07,1903,1903.TW,上市,54.700001,54.900002,54.200001,54.5,95020,1.0
2023-11-08,1903,1903.TW,上市,54.5,54.5,54.099998,54.299999,96100,1.0
2023-11-09,1903,1903.TW,上市,54.5,54.700001,54.0,54.099998,176003,1.0
2023-11-10,1903,1903.TW,上市,54.299999,54.799999,54.099998,54.799999,103020,1.0
2023-11-13,1903,1903.TW,上市,55.0,55.0,53.700001,54.200001,233085,1.0
2023-11-14,1903,1903.TW,上市,54.5,55.200001,54.5,54.900002,221002,1.0
2023-11-15,1903,1903.TW,上市,55.0,56.599998,55.0,56.400002,550314,1.0
2023-11-16,1903,1903.TW,上市,56.700001,57.400002,55.5,56.0,266000,1.0
2023-11-17,1903,1903.TW,上市,56.299999,56.400002,55.700001,55.799999,137000,1.0
2023-11-20,1903,1903.TW,上市,55.799999,56.599998,55.700001,55.799999,138000,1.0
2023-11-21,1903,1903.TW,上市,55.799999,56.700001,55.799999,56.299999,175081,1.0
2023-11-22,1903,1903.TW,上市,56.200001,56.900002,56.200001,56.700001,179622,1.0
2023-11-23,1903,1903.TW,上市,56.700001,57.400002,55.799999,56.099998,234100,1.0
2023-11-24,1903,1903.TW,上市,55.799999,56.5,55.799999,56.299999,202216,1.0
2023-11-27,1903,1903.TW,上市,56.400002,57.0,56.0,56.0,163000,1.0
2023-11-28,1903,1903.TW,上市,55.799999,57.099998,55.799999,56.400002,323515,1.0
2023-11-29,1903,1903.TW,上市,56.799999,57.099998,56.099998,56.099998,251019,1.0
2023-11-30,1903,1903.TW,上市,56.099998,56.099998,55.700001,55.799999,192264,1.0
2023-12-01,1903,1903.TW,上市,55.900002,56.5,55.5,56.0,145200,1.0
2023-12-04,1903,1903.TW,上市,56.099998,57.200001,55.900002,56.599998,334080,1.0
2023-12-05,1903,1903.TW,上市,56.900002,56.900002,56.299999,56.900002,159001,1.0
2023-12-06,1903,1903.TW,上市,56.900002,57.299999,56.299999,56.400002,266741,1.0
2023-12-07,1903,1903.TW,上市,56.299999,57.299999,56.099998,56.299999,210271,1.0
2023-12-08,1903,1903.TW,上市,56.299999,56.400002,55.5,55.799999,350000,1.0
2023-12-11,1903,1903.TW,上市,56.099998,56.099998,55.200001,55.400002,189000,1.0
2023-12-12,1903,1903.TW,上市,55.700001,56.400002,55.599998,56.0,118500,1.0
2023-12-13,1903,1903.TW,上市,56.0,56.5,55.700001,55.700001,151002,1.0
2023-12-14,1903,1903.TW,上市,55.799999,56.700001,55.799999,56.700001,314138,1.0
2023-12-15,1903,1903.TW,上市,56.799999,57.799999,56.599998,57.700001,541321,1.0
2023-12-18,1903,1903.TW,上市,58.299999,60.599998,57.900002,58.700001,1668000,1.0
2023-12-19,1903,1903.TW,上市,58.400002,59.099998,56.900002,57.200001,645200,1.0
2023-12-20,1903,1903.TW,上市,57.5,58.0,57.200001,57.799999,306001,1.0
2023-12-21,1903,1903.TW,上市,57.599998,58.0,56.799999,56.900002,281001,1.0
2023-12-22,1903,1903.TW,上市,57.0,57.299999,56.400002,56.400002,234000,1.0
2023-12-25,1903,1903.TW,上市,56.400002,57.200001,56.400002,56.900002,142002,1.0
2023-12-26,1903,1903.TW,上市,56.599998,57.5,56.599998,57.299999,98010,1.0
2023-12-27,1903,1903.TW,上市,57.099998,57.5,56.5,56.700001,172087,1.0
2023-12-28,1903,1903.TW,上市,57.299999,58.900002,57.099998,58.200001,832916,1.0
2023-12-29,1903,1903.TW,上市,58.200001,58.799999,57.400002,57.5,600593,1.0
2024-01-02,1903,1903.TW,上市,57.299999,57.299999,55.799999,56.5,616025,1.0
2024-01-03,1903,1903.TW,上市,55.900002,56.099998,55.400002,56.0,294160,1.0
2024-01-04,1903,1903.TW,上市,55.799999,56.799999,55.799999,56.099998,254100,1.0
2024-01-05,1903,1903.TW,上市,56.299999,56.299999,55.799999,56.0,180100,1.0
2024-01-08,1903,1903.TW,上市,56.0,57.299999,56.0,56.299999,117000,1.0
2024-01-09,1903,1903.TW,上市,56.299999,56.299999,55.0,55.0,354000,1.0
2024-01-10,1903,1903.TW,上市,55.099998,55.099998,53.799999,54.0,312081,1.0
2024-01-11,1903,1903.TW,上市,54.0,54.599998,54.0,54.0,177020,1.0
2024-01-12,1903,1903.TW,上市,54.0,54.400002,54.0,54.0,117000,1.0
2024-01-15,1903,1903.TW,上市,54.299999,54.5,53.799999,54.200001,146000,1.0
2024-01-16,1903,1903.TW,上市,54.0,54.0,53.099998,53.099998,280000,1.0
2024-01-17,1903,1903.TW,上市,52.900002,52.900002,52.0,52.0,352080,1.0
2024-01-18,1903,1903.TW,上市,52.200001,52.900002,51.900002,52.299999,191090,1.0
2024-01-19,1903,1903.TW,上市,52.400002,53.0,52.400002,53.0,76071,1.0
2024-01-22,1903,1903.TW,上市,53.0,53.099998,52.799999,52.900002,141002,1.0
2024-01-23,1903,1903.TW,上市,53.099998,53.400002,52.799999,53.299999,122377,1.0
2024-01-24,1903,1903.TW,上市,53.5,54.0,53.400002,53.900002,152167,1.0
2024-01-25,1903,1903.TW,上市,54.099998,54.099998,53.299999,53.700001,161505,1.0
2024-01-26,1903,1903.TW,上市,53.200001,53.700001,53.0,53.400002,110231,1.0
2024-01-29,1903,1903.TW,上市,53.5,54.400002,53.5,53.700001,111100,1.0
2024-01-30,1903,1903.TW,上市,54.0,54.0,52.5,53.0,191000,1.0
2024-01-31,1903,1903.TW,上市,52.799999,53.599998,52.799999,53.299999,144001,1.0
2024-02-01,1903,1903.TW,上市,53.400002,53.799999,53.299999,53.5,131166,1.0
2024-02-02,1903,1903.TW,上市,53.599998,53.599998,52.599998,53.299999,228345,1.0
2024-02-05,1903,1903.TW,上市,52.900002,53.299999,52.900002,53.0,153119,1.0
2024-02-15,1903,1903.TW,上市,52.599998,53.299999,52.599998,52.799999,259300,1.0
2024-02-16,1903,1903.TW,上市,53.099998,54.799999,53.099998,53.900002,321155,1.0
2024-02-19,1903,1903.TW,上市,53.900002,55.200001,53.900002,54.700001,276000,1.0
2024-02-20,1903,1903.TW,上市,54.700001,54.700001,53.700001,53.799999,124003,1.0
2024-02-21,1903,1903.TW,上市,54.0,54.299999,53.299999,53.5,146003,1.0
2024-02-22,1903,1903.TW,上市,53.599998,53.900002,53.299999,53.900002,234002,1.0
2024-02-23,1903,1903.TW,上市,53.700001,53.799999,53.299999,53.400002,147110,1.0
2024-02-26,1903,1903.TW,上市,53.200001,53.700001,53.099998,53.099998,138007,1.0
2024-02-27,1903,1903.TW,上市,53.099998,53.299999,52.5,52.700001,169001,1.0
2024-02-29,1903,1903.TW,上市,52.700001,53.0,52.700001,53.0,117023,1.0
2024-03-01,1903,1903.TW,上市,52.799999,53.099998,52.5,52.5,170031,1.0
2024-03-04,1903,1903.TW,上市,52.900002,55.099998,52.900002,53.200001,465014,1.0
2024-03-05,1903,1903.TW,上市,53.299999,53.5,52.5,52.599998,245354,1.0
2024-03-06,1903,1903.TW,上市,52.900002,53.099998,52.700001,52.900002,110114,1.0
2024-03-07,1903,1903.TW,上市,52.900002,53.299999,52.599998,52.700001,186001,1.0
2024-03-08,1903,1903.TW,上市,53.0,53.299999,52.700001,53.0,197326,1.0
2024-03-11,1903,1903.TW,上市,52.799999,53.299999,52.599998,53.099998,104041,1.0
2024-03-12,1903,1903.TW,上市,53.099998,54.200001,53.099998,53.799999,246007,1.0
2024-03-13,1903,1903.TW,上市,53.700001,54.099998,53.099998,53.299999,151110,1.0
2024-03-14,1903,1903.TW,上市,53.200001,53.599998,53.0,53.200001,87050,1.0
2024-03-15,1903,1903.TW,上市,53.400002,53.400002,52.599998,52.799999,107151,1.0
2024-03-18,1903,1903.TW,上市,52.799999,52.900002,52.5,52.799999,99056,1.0
2024-03-19,1903,1903.TW,上市,52.799999,53.099998,52.5,52.700001,161446,1.0
2024-03-20,1903,1903.TW,上市,52.900002,54.0,52.599998,53.900002,239020,1.0
2024-03-21,1903,1903.TW,上市,53.900002,54.200001,53.200001,53.5,192004,1.0
2024-03-22,1903,1903.TW,上市,53.599998,54.0,53.099998,53.299999,120058,1.0
2024-03-25,1903,1903.TW,上市,53.299999,54.599998,53.299999,54.200001,221610,1.0
2024-03-26,1903,1903.TW,上市,54.700001,54.700001,54.0,54.0,183001,1.0
2024-03-27,1903,1903.TW,上市,54.0,56.700001,54.0,56.5,808266,1.0
2024-03-28,1903,1903.TW,上市,56.400002,57.200001,56.200001,56.5,351015,1.0
2024-03-29,1903,1903.TW,上市,56.400002,56.700001,55.599998,55.599998,192000,1.0
2024-04-01,1903,1903.TW,上市,56.5,59.400002,56.5,57.599998,840465,1.0
2024-04-02,1903,1903.TW,上市,58.900002,59.700001,58.0,58.599998,850910,1.0
2024-04-03,1903,1903.TW,上市,58.700001,58.700001,57.299999,57.400002,273069,1.0
2024-04-08,1903,1903.TW,上市,57.599998,61.0,57.400002,60.900002,1069175,1.0
2024-04-09,1903,1903.TW,上市,61.200001,61.200001,59.200001,59.299999,583265,1.0
2024-04-10,1903,1903.TW,上市,59.599998,60.900002,59.400002,59.5,469051,1.0
2024-04-11,1903,1903.TW,上市,59.200001,59.5,57.900002,58.200001,433047,1.0
2024-04-12,1903,1903.TW,上市,58.099998,59.700001,58.099998,59.200001,260010,1.0
2024-04-15,1903,1903.TW,上市,58.599998,59.799999,58.0,58.0,314048,1.0
2024-04-16,1903,1903.TW,上市,57.799999,57.799999,55.400002,55.599998,488020,1.0
2024-04-17,1903,1903.TW,上市,55.799999,56.700001,55.799999,56.200001,243004,1.0
2024-04-18,1903,1903.TW,上市,56.0,60.0,55.5,60.0,842066,1.0
2024-04-19,1903,1903.TW,上市,60.5,62.599998,56.900002,57.700001,2481075,1.0
2024-04-22,1903,1903.TW,上市,57.700001,63.400002,57.700001,60.599998,4773103,1.0
2024-04-23,1903,1903.TW,上市,61.299999,62.599998,58.900002,61.5,3258650,1.0
2024-04-24,1903,1903.TW,上市,62.0,62.0,60.299999,61.0,1174203,1.0
2024-04-25,1903,1903.TW,上市,61.299999,61.700001,60.0,60.599998,788011,1.0
2024-04-26,1903,1903.TW,上市,61.200001,62.299999,60.299999,61.799999,1096410,1.0
2024-04-29,1903,1903.TW,上市,62.400002,67.900002,62.400002,67.699997,7871180,1.0
2024-04-30,1903,1903.TW,上市,67.099998,67.5,64.199997,65.599998,3177960,1.0
2024-05-02,1903,1903.TW,上市,65.699997,70.900002,65.5,68.199997,3946295,1.0
2024-05-03,1903,1903.TW,上市,68.400002,70.199997,66.5,68.699997,3425082,1.0
2024-05-06,1903,1903.TW,上市,69.0,69.0,66.900002,67.5,1734300,1.0
2024-05-07,1903,1903.TW,上市,67.0,67.800003,64.0,64.300003,1854199,1.0
2024-05-08,1903,1903.TW,上市,64.5,65.599998,62.599998,63.299999,974048,1.0
2024-05-09,1903,1903.TW,上市,63.700001,63.799999,61.599998,61.599998,1041693,1.0
2024-05-10,1903,1903.TW,上市,62.700001,64.400002,62.099998,64.300003,1515310,1.0
2024-05-13,1903,1903.TW,上市,64.099998,64.900002,62.799999,63.099998,650003,1.0
2024-05-14,1903,1903.TW,上市,62.900002,63.700001,62.200001,62.200001,538311,1.0
2024-05-15,1903,1903.TW,上市,62.900002,63.599998,62.299999,63.299999,504070,1.0
2024-05-16,1903,1903.TW,上市,64.099998,66.300003,63.900002,65.199997,1570203,1.0
2024-05-17,1903,1903.TW,上市,65.199997,70.699997,65.0,68.099998,2559185,1.0
2024-05-20,1903,1903.TW,上市,68.099998,68.599998,65.599998,67.099998,1076400,1.0
2024-05-21,1903,1903.TW,上市,67.199997,67.199997,65.300003,65.599998,557040,1.0
2024-05-22,1903,1903.TW,上市,66.199997,66.599998,65.099998,65.699997,405000,1.0
2024-05-23,1903,1903.TW,上市,65.199997,65.199997,61.799999,61.900002,1253900,1.0
2024-05-24,1903,1903.TW,上市,62.0,63.599998,61.0,63.400002,775805,1.0
2024-05-27,1903,1903.TW,上市,63.799999,65.800003,63.200001,64.0,707358,1.0
2024-05-28,1903,1903.TW,上市,62.599998,64.5,62.599998,63.799999,523738,1.0
2024-05-29,1903,1903.TW,上市,63.799999,64.0,63.0,63.5,250026,1.0
2024-05-30,1903,1903.TW,上市,63.5,65.199997,63.5,63.900002,510001,1.0
2024-05-31,1903,1903.TW,上市,64.099998,66.099998,64.099998,64.599998,703050,1.0
2024-06-03,1903,1903.TW,上市,65.400002,65.5,64.099998,64.599998,361211,1.0
2024-06-04,1903,1903.TW,上市,64.800003,65.5,64.400002,64.800003,381913,1.0
2024-06-05,1903,1903.TW,上市,65.400002,65.5,64.0,64.400002,348120,1.0
2024-06-06,1903,1903.TW,上市,64.400002,65.099998,63.5,64.0,624240,1.0
2024-06-07,1903,1903.TW,上市,64.0,66.599998,64.0,65.300003,783050,1.0
2024-06-11,1903,1903.TW,上市,65.800003,65.900002,63.200001,63.200001,451009,1.0
2024-06-12,1903,1903.TW,上市,63.400002,63.400002,61.799999,62.900002,556290,1.0
2024-06-13,1903,1903.TW,上市,63.0,64.0,62.200001,63.200001,293549,1.0
2024-06-14,1903,1903.TW,上市,63.5,65.0,62.900002,63.0,484166,1.0
2024-06-17,1903,1903.TW,上市,63.299999,63.299999,61.900002,62.099998,550015,1.0
2024-06-18,1903,1903.TW,上市,62.400002,62.400002,61.5,61.900002,352003,1.0
2024-06-19,1903,1903.TW,上市,61.900002,62.200001,60.799999,61.200001,620079,1.0
2024-06-20,1903,1903.TW,上市,61.400002,61.900002,60.700001,61.599998,395511,1.0
2024-06-21,1903,1903.TW,上市,61.799999,62.0,61.099998,62.0,213200,1.0
2024-06-24,1903,1903.TW,上市,61.799999,62.200001,61.200001,61.599998,261053,1.0
2024-06-25,1903,1903.TW,上市,62.0,62.0,60.5,61.299999,265044,1.0
2024-06-26,1903,1903.TW,上市,61.5,61.700001,61.0,61.299999,185422,1.0
2024-06-27,1903,1903.TW,上市,61.0,61.0,59.599998,59.799999,557020,1.0
2024-06-28,1903,1903.TW,上市,60.0,61.0,60.0,60.200001,142115,1.0
2024-07-01,1903,1903.TW,上市,60.700001,61.0,60.0,60.099998,128036,1.0
2024-07-02,1903,1903.TW,上市,60.099998,60.700001,59.099998,59.200001,294045,1.0
2024-07-03,1903,1903.TW,上市,59.200001,60.099998,59.200001,60.099998,194174,1.0
2024-07-04,1903,1903.TW,上市,61.299999,62.099998,60.5,60.700001,629100,1.0
2024-07-05,1903,1903.TW,上市,60.799999,61.0,60.099998,60.200001,181462,1.0
2024-07-08,1903,1903.TW,上市,60.200001,60.400002,58.900002,59.299999,406090,1.0
2024-07-09,1903,1903.TW,上市,59.0,59.299999,58.099998,59.0,375201,1.0
2024-07-10,1903,1903.TW,上市,59.0,59.200001,58.299999,59.0,154000,1.0
2024-07-11,1903,1903.TW,上市,59.099998,59.599998,58.599998,59.599998,188073,1.0
2024-07-12,1903,1903.TW,上市,59.700001,61.900002,59.700001,59.900002,262000,1.0
2024-07-15,1903,1903.TW,上市,60.0,60.700001,59.599998,60.700001,181320,1.0
2024-07-16,1903,1903.TW,上市,60.900002,61.400002,59.900002,60.099998,247000,1.0
2024-07-17,1903,1903.TW,上市,60.599998,61.400002,60.5,61.0,346010,1.0
2024-07-18,1903,1903.TW,上市,60.5,61.799999,60.0,60.900002,425086,1.0
2024-07-19,1903,1903.TW,上市,60.400002,60.599998,58.5,58.599998,529035,1.0
2024-07-22,1903,1903.TW,上市,58.5,59.0,57.299999,58.5,249010,1.0
2024-07-23,1903,1903.TW,上市,58.900002,60.299999,58.200001,59.400002,374002,1.0
2024-07-26,1903,1903.TW,上市,58.5,59.299999,57.900002,58.299999,272086,1.0
2024-07-29,1903,1903.TW,上市,58.5,58.700001,57.299999,58.299999,452017,1.0
2024-07-30,1903,1903.TW,上市,58.400002,59.700001,57.599998,59.700001,229030,1.0
2024-07-31,1903,1903.TW,上市,59.0,60.200001,59.0,59.599998,175001,1.0
2024-08-01,1903,1903.TW,上市,60.299999,60.700001,59.5,60.299999,217000,1.0
2024-08-02,1903,1903.TW,上市,59.900002,59.900002,58.299999,58.799999,164000,1.0
2024-08-05,1903,1903.TW,上市,57.299999,57.299999,53.400002,53.5,604205,1.0
2024-08-06,1903,1903.TW,上市,54.599998,54.700001,51.5,54.099998,349032,1.0
2024-08-07,1903,1903.TW,上市,53.700001,56.299999,53.700001,55.799999,215000,1.0
2024-08-08,1903,1903.TW,上市,54.599998,55.400002,54.299999,54.400002,203000,1.0
2024-08-09,1903,1903.TW,上市,55.0,56.0,54.900002,54.900002,215000,1.0
2024-08-12,1903,1903.TW,上市,55.0,55.900002,55.0,55.0,116226,1.0
2024-08-13,1903,1903.TW,上市,55.400002,55.400002,54.5,54.900002,71000,1.0
2024-08-14,1903,1903.TW,上市,55.400002,55.900002,54.900002,55.5,105005,1.0
2024-08-15,1903,1903.TW,上市,55.299999,56.599998,55.299999,55.799999,149002,1.0
2024-08-16,1903,1903.TW,上市,55.799999,56.700001,55.799999,56.700001,108192,1.0
2024-08-19,1903,1903.TW,上市,57.0,57.0,56.0,56.0,73001,1.0
2024-08-20,1903,1903.TW,上市,56.099998,56.200001,55.400002,55.5,97001,1.0
2024-08-21,1903,1903.TW,上市,56.200001,56.200001,55.200001,56.200001,80137,1.0
2024-08-22,1903,1903.TW,上市,55.700001,56.799999,55.5,56.799999,81288,1.0
2024-08-23,1903,1903.TW,上市,56.599998,56.799999,55.599998,56.799999,114001,1.0
2024-08-26,1903,1903.TW,上市,56.200001,57.200001,56.200001,56.799999,125000,1.0
2024-08-27,1903,1903.TW,上市,56.400002,57.099998,56.099998,57.099998,167000,1.0
2024-08-28,1903,1903.TW,上市,57.099998,57.400002,56.5,57.299999,110001,1.0
2024-08-29,1903,1903.TW,上市,56.900002,57.299999,56.599998,57.299999,143262,1.0
2024-08-30,1903,1903.TW,上市,57.400002,58.799999,57.400002,58.799999,222001,1.0
2024-09-02,1903,1903.TW,上市,59.0,59.200001,58.299999,59.200001,134130,1.0
2024-09-03,1903,1903.TW,上市,58.900002,59.5,58.400002,58.900002,357406,1.0
2024-09-04,1903,1903.TW,上市,58.0,58.0,55.299999,56.299999,612758,1.0
2024-09-05,1903,1903.TW,上市,56.0,56.599998,55.099998,55.099998,166289,1.0
2024-09-06,1903,1903.TW,上市,54.799999,55.0,53.799999,54.400002,163015,1.0
2024-09-09,1903,1903.TW,上市,53.400002,54.299999,53.099998,53.900002,211219,1.0
2024-09-10,1903,1903.TW,上市,53.900002,54.400002,53.5,54.200001,120401,1.0
2024-09-11,1903,1903.TW,上市,54.599998,55.0,54.400002,54.5,45030,1.0
2024-09-12,1903,1903.TW,上市,54.200001,55.299999,54.200001,54.299999,120120,1.0
2024-09-13,1903,1903.TW,上市,54.400002,55.099998,54.400002,54.5,51061,1.0
2024-09-16,1903,1903.TW,上市,55.299999,56.799999,55.0,56.5,342111,1.0
2024-09-18,1903,1903.TW,上市,56.799999,57.099998,55.799999,56.400002,171615,1.0
2024-09-19,1903,1903.TW,上市,56.400002,56.799999,55.700001,56.700001,249200,1.0
2024-09-20,1903,1903.TW,上市,56.700001,56.900002,53.400002,55.299999,879218,1.0
2024-09-23,1903,1903.TW,上市,55.400002,55.5,54.400002,55.400002,158048,1.0
2024-09-24,1903,1903.TW,上市,55.5,56.400002,55.0,56.400002,240170,1.0
2024-09-25,1903,1903.TW,上市,56.400002,57.0,55.5,56.5,362004,1.0
2024-09-26,1903,1903.TW,上市,56.5,56.799999,55.400002,56.5,306101,1.0
2024-09-27,1903,1903.TW,上市,56.599998,57.599998,56.200001,57.299999,437191,1.0
2024-09-30,1903,1903.TW,上市,56.799999,57.299999,56.299999,57.0,117759,1.0
2024-10-01,1903,1903.TW,上市,56.599998,56.599998,55.400002,55.700001,165033,1.0
2024-10-04,1903,1903.TW,上市,55.799999,56.200001,55.200001,56.200001,120000,1.0
2024-10-07,1903,1903.TW,上市,56.099998,56.799999,55.5,56.799999,320001,1.0
2024-10-08,1903,1903.TW,上市,57.0,57.0,55.700001,56.900002,188304,1.0
2024-10-09,1903,1903.TW,上市,56.900002,57.0,55.700001,57.0,272199,1.0
2024-10-11,1903,1903.TW,上市,56.799999,57.200001,56.200001,57.0,213192,1.0
2024-10-14,1903,1903.TW,上市,56.299999,57.099998,56.099998,56.900002,200018,1.0
2024-10-15,1903,1903.TW,上市,56.900002,56.900002,56.099998,56.700001,210424,1.0
2024-10-16,1903,1903.TW,上市,56.700001,56.700001,55.299999,55.900002,336120,1.0
2024-10-17,1903,1903.TW,上市,56.200001,56.900002,55.599998,56.900002,115516,1.0
2024-10-18,1903,1903.TW,上市,56.900002,56.900002,56.200001,56.299999,85204,1.0
2024-10-21,1903,1903.TW,上市,56.299999,56.799999,56.099998,56.700001,111349,1.0
2024-10-22,1903,1903.TW,上市,56.700001,56.700001,56.099998,56.299999,85333,1.0
2024-10-23,1903,1903.TW,上市,56.099998,56.5,55.599998,55.599998,103018,1.0
2024-10-24,1903,1903.TW,上市,55.5,55.599998,55.0,55.099998,126000,1.0
2024-10-25,1903,1903.TW,上市,55.200001,55.299999,54.799999,54.900002,71015,1.0
2024-10-28,1903,1903.TW,上市,55.400002,55.400002,54.700001,54.700001,39001,1.0
2024-10-29,1903,1903.TW,上市,54.700001,54.700001,54.0,54.5,104002,1.0
2024-10-30,1903,1903.TW,上市,54.400002,54.599998,54.200001,54.299999,51011,1.0
2024-11-01,1903,1903.TW,上市,54.299999,55.099998,53.599998,55.099998,145030,1.0
2024-11-04,1903,1903.TW,上市,55.099998,55.099998,54.299999,54.299999,21001,1.0
2024-11-05,1903,1903.TW,上市,54.299999,55.0,54.299999,54.5,46088,1.0
2024-11-06,1903,1903.TW,上市,54.5,55.299999,54.5,54.799999,41000,1.0
2024-11-07,1903,1903.TW,上市,54.799999,55.5,54.700001,54.900002,77000,1.0
2024-11-08,1903,1903.TW,上市,55.400002,55.400002,54.200001,54.299999,139420,1.0
2024-11-11,1903,1903.TW,上市,54.400002,54.5,54.200001,54.5,15112,1.0
2024-11-12,1903,1903.TW,上市,54.099998,54.200001,53.0,53.099998,253291,1.0
2024-11-13,1903,1903.TW,上市,53.299999,53.400002,52.700001,53.099998,97001,1.0
2024-11-14,1903,1903.TW,上市,53.099998,53.200001,52.299999,52.299999,192002,1.0
2024-11-15,1903,1903.TW,上市,52.700001,53.599998,52.700001,53.200001,115200,1.0
2024-11-18,1903,1903.TW,上市,53.200001,54.200001,53.0,53.299999,35001,1.0
2024-11-19,1903,1903.TW,上市,53.200001,54.0,53.0,53.599998,49150,1.0
2024-11-20,1903,1903.TW,上市,54.099998,54.099998,54.099998,54.099998,18110,1.0
2024-11-21,1903,1903.TW,上市,53.599998,53.799999,53.599998,53.799999,8020,1.0
2024-11-22,1903,1903.TW,上市,54.299999,54.799999,53.799999,54.0,94831,1.0
2024-11-25,1903,1903.TW,上市,54.700001,55.200001,54.400002,55.099998,117273,1.0
2024-11-26,1903,1903.TW,上市,55.099998,55.299999,54.599998,54.599998,28038,1.0
2024-11-27,1903,1903.TW,上市,54.700001,54.900002,53.5,53.700001,62010,1.0
2024-11-28,1903,1903.TW,上市,53.799999,53.799999,53.099998,53.299999,32034,1.0
2024-11-29,1903,1903.TW,上市,53.299999,54.299999,53.200001,54.099998,69000,1.0
2024-12-02,1903,1903.TW,上市,54.0,54.5,53.700001,53.799999,49010,1.0
2024-12-03,1903,1903.TW,上市,53.799999,55.200001,53.799999,55.0,213002,1.0
2024-12-04,1903,1903.TW,上市,55.400002,55.400002,54.700001,55.099998,106000,1.0
2024-12-05,1903,1903.TW,上市,55.200001,55.200001,54.400002,54.5,54056,1.0
2024-12-06,1903,1903.TW,上市,54.700001,54.900002,54.200001,54.599998,83000,1.0
2024-12-09,1903,1903.TW,上市,54.200001,54.900002,53.900002,54.799999,60000,1.0
2024-12-10,1903,1903.TW,上市,54.299999,54.599998,54.0,54.0,51168,1.0
2024-12-11,1903,1903.TW,上市,53.900002,53.900002,53.200001,53.200001,53040,1.0
2024-12-12,1903,1903.TW,上市,53.200001,53.5,53.0,53.0,92200,1.0
2024-12-13,1903,1903.TW,上市,52.799999,53.5,52.400002,52.400002,97000,1.0
2024-12-16,1903,1903.TW,上市,52.400002,53.099998,52.099998,52.099998,146002,1.0
2024-12-17,1903,1903.TW,上市,52.200001,52.400002,52.099998,52.200001,22049,1.0
2024-12-18,1903,1903.TW,上市,52.200001,53.0,52.099998,52.799999,77166,1.0
2024-12-19,1903,1903.TW,上市,52.200001,52.799999,51.900002,52.099998,142010,1.0
2024-12-20,1903,1903.TW,上市,52.0,52.099998,51.599998,51.700001,146109,1.0
2024-12-23,1903,1903.TW,上市,51.900002,53.099998,51.900002,53.0,85093,1.0
2024-12-24,1903,1903.TW,上市,53.0,53.0,52.599998,52.700001,43010,1.0
2024-12-25,1903,1903.TW,上市,52.700001,52.900002,52.400002,52.5,30029,1.0
2024-12-26,1903,1903.TW,上市,52.400002,52.799999,52.200001,52.299999,27037,1.0
2024-12-27,1903,1903.TW,上市,52.299999,53.0,52.299999,52.299999,43002,1.0
2024-12-30,1903,1903.TW,上市,52.200001,52.700001,51.700001,52.0,99010,1.0
2024-12-31,1903,1903.TW,上市,51.900002,52.099998,51.5,51.799999,115061,1.0
2025-01-02,1903,1903.TW,上市,51.799999,52.0,51.200001,51.700001,166238,1.0
2025-01-03,1903,1903.TW,上市,51.700001,52.0,51.0,51.299999,115219,1.0
2025-01-06,1903,1903.TW,上市,51.599998,52.099998,51.400002,52.0,53001,1.0
2025-01-07,1903,1903.TW,上市,52.0,52.099998,51.400002,51.400002,56001,1.0
2025-01-08,1903,1903.TW,上市,51.299999,51.400002,50.0,51.400002,429000,1.0
2025-01-09,1903,1903.TW,上市,50.900002,51.400002,50.200001,51.400002,159017,1.0
2025-01-10,1903,1903.TW,上市,50.5,51.299999,50.299999,51.299999,146000,1.0
2025-01-13,1903,1903.TW,上市,50.599998,51.099998,49.049999,51.099998,432011,1.0
2025-01-14,1903,1903.TW,上市,49.799999,50.799999,49.799999,49.849998,160046,1.0
2025-01-15,1903,1903.TW,上市,49.950001,50.700001,49.599998,50.200001,140018,1.0
2025-01-16,1903,1903.TW,上市,49.700001,50.400002,49.700001,49.950001,144001,1.0
2025-01-17,1903,1903.TW,上市,50.200001,50.900002,49.950001,50.900002,144001,1.0
2025-01-20,1903,1903.TW,上市,51.0,51.299999,50.299999,50.5,111000,1.0
2025-01-21,1903,1903.TW,上市,50.900002,51.0,50.5,50.900002,114000,1.0
2025-01-22,1903,1903.TW,上市,50.900002,51.099998,50.599998,51.0,71000,1.0
2025-02-03,1903,1903.TW,上市,50.5,50.900002,49.5,49.950001,216001,1.0
2025-02-04,1903,1903.TW,上市,49.75,50.5,49.75,50.099998,74000,1.0
2025-02-05,1903,1903.TW,上市,50.5,50.5,49.950001,50.0,127409,1.0
2025-02-06,1903,1903.TW,上市,50.0,50.599998,50.0,50.5,57001,1.0
2025-02-07,1903,1903.TW,上市,50.299999,50.599998,50.0,50.099998,115000,1.0
2025-02-10,1903,1903.TW,上市,50.0,50.200001,49.900002,50.0,91002,1.0
2025-02-11,1903,1903.TW,上市,50.099998,50.5,49.849998,50.200001,140020,1.0
2025-02-12,1903,1903.TW,上市,50.5,51.700001,50.5,50.900002,218000,1.0
2025-02-13,1903,1903.TW,上市,51.299999,52.0,50.900002,51.5,198000,1.0
2025-02-14,1903,1903.TW,上市,51.5,51.700001,51.200001,51.400002,74000,1.0
2025-02-17,1903,1903.TW,上市,51.400002,52.299999,51.299999,51.299999,143001,1.0
2025-02-18,1903,1903.TW,上市,51.700001,51.700001,50.5,50.5,341000,1.0
2025-02-19,1903,1903.TW,上市,51.0,51.0,50.099998,50.299999,290048,1.0
2025-02-20,1903,1903.TW,上市,50.200001,51.0,50.200001,50.200001,222000,1.0
2025-02-21,1903,1903.TW,上市,50.200001,50.400002,50.0,50.099998,393078,1.0
2025-02-24,1903,1903.TW,上市,50.099998,50.299999,49.900002,50.0,193001,1.0
2025-02-25,1903,1903.TW,上市,50.0,50.400002,49.799999,50.0,580006,1.0
2025-02-26,1903,1903.TW,上市,50.099998,50.5,50.0,50.200001,113157,1.0
2025-02-27,1903,1903.TW,上市,50.5,51.200001,49.950001,49.950001,2338084,1.0
2025-03-03,1903,1903.TW,上市,50.0,50.5,50.0,50.099998,407000,1.0
2025-03-04,1903,1903.TW,上市,49.950001,50.400002,49.950001,50.400002,117025,1.0
2025-03-05,1903,1903.TW,上市,50.400002,51.0,50.200001,50.700001,206023,1.0
2025-03-06,1903,1903.TW,上市,50.900002,50.900002,50.099998,50.299999,186001,1.0
2025-03-07,1903,1903.TW,上市,50.200001,50.400002,49.849998,49.849998,380050,1.0
2025-03-10,1903,1903.TW,上市,49.950001,50.200001,49.349998,49.549999,504001,1.0
2025-03-11,1903,1903.TW,上市,49.400002,49.400002,47.849998,48.900002,426122,1.0
2025-03-12,1903,1903.TW,上市,48.849998,49.150002,48.599998,48.950001,76001,1.0
2025-03-13,1903,1903.TW,上市,49.099998,49.099998,48.299999,48.349998,140035,1.0
2025-03-14,1903,1903.TW,上市,48.849998,50.0,48.799999,50.0,172000,1.0
2025-03-17,1903,1903.TW,上市,49.950001,51.200001,49.900002,50.400002,260400,1.0
2025-03-18,1903,1903.TW,上市,50.5,51.099998,50.5,50.799999,114003,1.0
2025-03-19,1903,1903.TW,上市,50.5,50.799999,50.200001,50.200001,105008,1.0
2025-03-20,1903,1903.TW,上市,50.299999,51.099998,50.299999,50.900002,123000,1.0
2025-03-21,1903,1903.TW,上市,51.299999,51.299999,50.5,50.599998,107011,1.0
2025-03-24,1903,1903.TW,上市,50.5,50.599998,50.200001,50.299999,78060,1.0
2025-03-25,1903,1903.TW,上市,50.200001,50.400002,49.900002,50.099998,111001,1.0
2025-03-26,1903,1903.TW,上市,50.0,50.400002,50.0,50.0,87123,1.0
2025-03-27,1903,1903.TW,上市,50.099998,50.799999,50.0,50.700001,145173,1.0
2025-03-28,1903,1903.TW,上市,50.5,50.5,49.5,49.700001,233000,1.0
2025-03-31,1903,1903.TW,上市,49.0,49.650002,48.450001,49.099998,338010,1.0
2025-04-01,1903,1903.TW,上市,49.25,49.849998,49.0,49.450001,182000,1.0
2025-04-02,1903,1903.TW,上市,49.5,52.200001,49.25,52.0,603223,1.0
2025-04-07,1903,1903.TW,上市,47.099998,47.5,46.799999,46.900002,933553,1.0
2025-04-08,1903,1903.TW,上市,47.599998,47.700001,45.849998,47.150002,419125,1.0
2025-04-09,1903,1903.TW,上市,46.549999,46.549999,42.950001,43.0,665375,1.0
2025-04-10,1903,1903.TW,上市,46.0,46.799999,45.0,46.650002,399110,1.0
2025-04-11,1903,1903.TW,上市,46.549999,46.549999,44.950001,46.299999,178000,1.0
2025-04-14,1903,1903.TW,上市,46.5,47.200001,45.150002,45.25,318000,1.0
2025-04-15,1903,1903.TW,上市,45.650002,46.299999,45.599998,46.049999,137003,1.0
2025-04-16,1903,1903.TW,上市,46.099998,46.099998,45.099998,45.099998,221026,1.0
2025-04-17,1903,1903.TW,上市,45.099998,45.5,44.700001,45.5,27000,1.0
2025-04-18,1903,1903.TW,上市,45.5,45.5,44.599998,44.650002,241000,1.0
2025-04-21,1903,1903.TW,上市,45.200001,45.200001,43.349998,43.450001,346010,1.0
2025-04-22,1903,1903.TW,上市,43.950001,43.950001,43.299999,43.75,179000,1.0
2025-04-23,1903,1903.TW,上市,44.0,44.75,43.950001,44.450001,195000,1.0
2025-04-24,1903,1903.TW,上市,44.400002,44.799999,44.150002,44.25,167011,1.0
2025-04-25,1903,1903.TW,上市,44.450001,45.299999,44.450001,44.849998,185001,1.0
2025-04-28,1903,1903.TW,上市,44.799999,45.5,44.799999,45.5,125000,1.0
2025-04-29,1903,1903.TW,上市,45.299999,45.5,45.099998,45.299999,208000,1.0
2025-04-30,1903,1903.TW,上市,46.0,46.0,45.299999,45.450001,290055,1.0
2025-05-02,1903,1903.TW,上市,45.849998,49.950001,45.450001,49.950001,628000,1.0
2025-05-05,1903,1903.TW,上市,52.599998,54.900002,50.400002,51.5,4887113,1.0
2025-05-06,1903,1903.TW,上市,51.400002,51.799999,50.200001,51.5,998200,1.0
2025-05-07,1903,1903.TW,上市,51.900002,54.0,51.200001,51.799999,722015,1.0
2025-05-08,1903,1903.TW,上市,51.5,51.5,50.599998,50.799999,430010,1.0
2025-05-09,1903,1903.TW,上市,50.700001,52.200001,50.599998,51.400002,342000,1.0
2025-05-12,1903,1903.TW,上市,51.5,55.200001,51.5,54.5,1206130,1.0
2025-05-13,1903,1903.TW,上市,53.799999,54.400002,52.700001,53.0,664100,1.0
2025-05-14,1903,1903.TW,上市,53.200001,54.200001,52.5,53.400002,367010,1.0
2025-05-15,1903,1903.TW,上市,53.5,53.799999,52.099998,52.400002,246155,1.0
2025-05-16,1903,1903.TW,上市,56.200001,57.599998,55.299999,57.599998,3386000,1.0
2025-05-19,1903,1903.TW,上市,58.5,63.299999,56.799999,63.099998,16016136,1.0
2025-05-20,1903,1903.TW,上市,62.5,64.800003,60.900002,60.900002,13754760,1.0
2025-05-21,1903,1903.TW,上市,60.799999,63.099998,60.299999,63.0,3406297,1.0
2025-05-22,1903,1903.TW,上市,64.0,69.199997,62.5,66.0,14228725,1.0
2025-05-23,1903,1903.TW,上市,65.800003,72.599998,65.800003,72.599998,14742257,1.0
2025-05-26,1903,1903.TW,上市,73.0,76.199997,71.599998,71.699997,26722004,1.0
2025-05-27,1903,1903.TW,上市,71.0,72.5,64.599998,64.599998,11526123,1.0
2025-05-28,1903,1903.TW,上市,64.0,66.0,62.700001,66.0,6278626,1.0
2025-05-29,1903,1903.TW,上市,66.0,66.0,61.0,62.700001,5335103,1.0
2025-06-02,1903,1903.TW,上市,62.0,62.099998,60.299999,61.799999,2029880,1.0
2025-06-03,1903,1903.TW,上市,61.599998,62.0,60.299999,60.299999,1622430,1.0
2025-06-04,1903,1903.TW,上市,61.099998,62.299999,60.5,60.900002,1157353,1.0
2025-06-05,1903,1903.TW,上市,62.0,64.099998,61.299999,62.799999,2116160,1.0
2025-06-06,1903,1903.TW,上市,63.799999,64.0,61.599998,62.200001,1981288,1.0
2025-06-09,1903,1903.TW,上市,62.5,62.5,60.099998,60.599998,1281010,1.0
2025-06-10,1903,1903.TW,上市,60.099998,60.799999,58.599998,59.0,1425237,1.0
2025-06-11,1903,1903.TW,上市,59.400002,59.400002,58.099998,58.299999,1070210,1.0
2025-06-12,1903,1903.TW,上市,58.299999,59.700001,58.299999,58.799999,922090,1.0
2025-06-13,1903,1903.TW,上市,59.700001,63.900002,59.200001,59.299999,7573180,1.0
2025-06-16,1903,1903.TW,上市,59.5,59.599998,57.299999,58.700001,1810080,1.0
2025-06-17,1903,1903.TW,上市,59.5,59.799999,57.700001,57.900002,756624,1.0
2025-06-18,1903,1903.TW,上市,57.799999,58.400002,57.400002,58.099998,463052,1.0
2025-06-19,1903,1903.TW,上市,58.099998,58.299999,56.5,56.599998,630040,1.0
2025-06-20,1903,1903.TW,上市,56.700001,56.900002,55.400002,56.5,686015,1.0
2025-06-23,1903,1903.TW,上市,56.599998,56.799999,54.900002,56.0,552088,1.0
2025-06-24,1903,1903.TW,上市,56.200001,57.900002,56.200001,57.299999,439100,1.0
2025-06-25,1903,1903.TW,上市,58.0,58.400002,57.5,57.5,385393,1.0
2025-06-26,1903,1903.TW,上市,57.700001,60.0,57.700001,58.599998,991150,1.0
2025-06-27,1903,1903.TW,上市,59.599998,62.5,58.799999,58.799999,4279066,1.0
2025-06-30,1903,1903.TW,上市,59.200001,59.200001,56.099998,56.099998,1009140,1.0
2025-07-01,1903,1903.TW,上市,56.400002,57.200001,56.299999,56.5,646080,1.0
2025-07-02,1903,1903.TW,上市,57.200001,57.200001,56.200001,56.799999,299104,1.0
2025-07-03,1903,1903.TW,上市,57.0,57.099998,56.599998,56.700001,240119,1.0
2025-07-04,1903,1903.TW,上市,57.200001,57.200001,55.200001,55.299999,512386,1.0
2025-07-07,1903,1903.TW,上市,54.900002,55.799999,54.200001,55.200001,266002,1.0
2025-07-08,1903,1903.TW,上市,54.900002,58.0,54.599998,55.599998,391010,1.0
2025-07-09,1903,1903.TW,上市,55.900002,55.900002,55.200001,55.5,141200,1.0
2025-07-10,1903,1903.TW,上市,55.400002,55.599998,54.700001,55.299999,228017,1.0
2025-07-11,1903,1903.TW,上市,55.200001,56.799999,54.900002,54.900002,482010,1.0
2025-07-14,1903,1903.TW,上市,55.400002,56.400002,54.200001,54.299999,429005,1.0
2025-07-15,1903,1903.TW,上市,54.400002,55.400002,54.299999,55.099998,300446,1.0
2025-07-16,1903,1903.TW,上市,55.700001,57.400002,55.0,56.400002,755299,1.0
2025-07-17,1903,1903.TW,上市,56.799999,56.799999,56.099998,56.400002,167240,1.0
2025-07-18,1903,1903.TW,上市,56.599998,57.099998,55.900002,55.900002,246000,1.0
2025-07-21,1903,1903.TW,上市,55.900002,56.5,55.5,56.200001,179002,1.0
2025-07-22,1903,1903.TW,上市,56.299999,56.400002,53.799999,54.200001,440319,1.0
2025-07-23,1903,1903.TW,上市,54.700001,55.200001,54.5,54.900002,202200,1.0
2025-07-24,1903,1903.TW,上市,55.0,55.700001,54.5,55.299999,244031,1.0
2025-07-25,1903,1903.TW,上市,55.200001,56.299999,54.700001,54.799999,228120,1.0
2025-07-28,1903,1903.TW,上市,55.099998,55.099998,54.200001,54.5,116200,1.0
2025-07-29,1903,1903.TW,上市,54.5,54.5,53.0,53.400002,466000,1.0
2025-07-30,1903,1903.TW,上市,53.5,53.700001,53.0,53.200001,261135,1.0
2025-07-31,1903,1903.TW,上市,53.799999,53.799999,52.400002,52.700001,426141,1.0
2025-08-04,1903,1903.TW,上市,52.599998,52.799999,51.599998,52.799999,297356,1.0
2025-08-05,1903,1903.TW,上市,53.099998,53.5,52.400002,52.799999,242000,1.0
2025-08-06,1903,1903.TW,上市,53.299999,53.799999,52.799999,53.400002,243010,1.0
2025-08-07,1903,1903.TW,上市,53.400002,53.5,52.799999,53.099998,96000,1.0
2025-08-08,1903,1903.TW,上市,52.900002,53.599998,52.700001,53.200001,170548,1.0
2025-08-11,1903,1903.TW,上市,52.799999,52.799999,52.0,52.299999,185115,1.0
2025-08-12,1903,1903.TW,上市,52.400002,55.0,52.400002,53.799999,409224,1.0
2025-08-13,1903,1903.TW,上市,54.299999,54.299999,53.200001,53.200001,160341,1.0
2025-08-14,1903,1903.TW,上市,53.200001,53.799999,53.0,53.299999,122100,1.0
2025-08-15,1903,1903.TW,上市,53.0,53.700001,52.700001,53.299999,148157,1.0
2025-08-18,1903,1903.TW,上市,52.900002,54.200001,52.900002,53.700001,146000,1.0
2025-08-19,1903,1903.TW,上市,53.599998,53.799999,53.099998,53.200001,101025,1.0
2025-08-20,1903,1903.TW,上市,53.0,53.099998,52.400002,52.400002,204025,1.0
2025-08-21,1903,1903.TW,上市,53.0,53.900002,53.0,53.099998,205194,1.0
2025-08-22,1903,1903.TW,上市,54.400002,56.900002,54.099998,54.099998,705100,1.0
2025-08-25,1903,1903.TW,上市,54.099998,54.5,53.5,54.5,172100,1.0
2025-08-26,1903,1903.TW,上市,53.799999,54.099998,53.5,53.5,126220,1.0
2025-08-27,1903,1903.TW,上市,53.5,54.0,53.400002,53.599998,136000,1.0
2025-08-28,1903,1903.TW,上市,53.599998,54.799999,53.099998,53.599998,170053,1.0
2025-08-29,1903,1903.TW,上市,54.099998,54.299999,53.299999,53.299999,85200,1.0
2025-09-01,1903,1903.TW,上市,53.599998,54.799999,53.5,53.799999,184102,1.0
2025-09-02,1903,1903.TW,上市,53.700001,53.700001,53.099998,53.299999,104275,1.0
2025-09-03,1903,1903.TW,上市,52.900002,53.599998,52.900002,53.200001,165030,1.0
2025-09-04,1903,1903.TW,上市,53.200001,55.200001,53.099998,54.5,384010,1.0
2025-09-05,1903,1903.TW,上市,55.0,55.099998,53.599998,53.599998,190003,1.0
2025-09-08,1903,1903.TW,上市,53.599998,53.599998,52.900002,53.200001,162126,1.0
2025-09-09,1903,1903.TW,上市,53.200001,53.700001,53.0,53.0,169256,1.0
2025-09-10,1903,1903.TW,上市,53.400002,54.400002,53.299999,53.5,164000,1.0
2025-09-11,1903,1903.TW,上市,53.599998,54.200001,52.5,52.5,282005,1.0
2025-09-12,1903,1903.TW,上市,52.599998,53.0,52.400002,52.599998,209061,1.0
2025-09-15,1903,1903.TW,上市,52.400002,53.099998,52.099998,52.5,155000,1.0
2025-09-16,1903,1903.TW,上市,53.0,53.099998,52.400002,52.700001,136000,1.0
2025-09-17,1903,1903.TW,上市,53.299999,54.400002,53.299999,53.5,405203,1.0
2025-09-18,1903,1903.TW,上市,53.700001,53.799999,52.799999,52.900002,214100,1.0
2025-09-19,1903,1903.TW,上市,52.900002,52.900002,52.200001,52.599998,322323,1.0
2025-09-22,1903,1903.TW,上市,53.299999,53.400002,52.599998,52.700001,165164,1.0
2025-09-23,1903,1903.TW,上市,52.700001,53.099998,52.400002,53.099998,151001,1.0
2025-09-24,1903,1903.TW,上市,53.299999,53.799999,53.0,53.099998,100030,1.0
2025-09-25,1903,1903.TW,上市,53.400002,53.799999,53.200001,53.200001,93000,1.0
2025-09-26,1903,1903.TW,上市,53.200001,53.200001,52.599998,52.700001,129028,1.0
2025-09-30,1903,1903.TW,上市,53.0,53.0,52.5,52.799999,68250,1.0
2025-10-01,1903,1903.TW,上市,52.700001,53.0,52.5,52.5,117501,1.0
2025-10-02,1903,1903.TW,上市,52.700001,52.900002,51.400002,51.700001,421011,1.0
2025-10-03,1903,1903.TW,上市,51.700001,51.900002,50.700001,51.599998,349549,1.0
2025-10-07,1903,1903.TW,上市,51.5,52.099998,51.299999,51.799999,306431,1.0
2025-10-08,1903,1903.TW,上市,51.799999,52.400002,51.599998,51.599998,102000,1.0
2025-10-09,1903,1903.TW,上市,51.700001,51.700001,50.700001,51.0,213090,1.0
2025-10-13,1903,1903.TW,上市,51.200001,56.099998,51.200001,56.099998,1778002,1.0
2025-10-14,1903,1903.TW,上市,55.200001,56.599998,54.5,54.599998,1160060,1.0
2025-10-15,1903,1903.TW,上市,54.599998,55.0,53.700001,54.099998,208251,1.0
2025-10-16,1903,1903.TW,上市,54.299999,54.5,53.099998,53.599998,206500,1.0
2025-10-17,1903,1903.TW,上市,53.599998,54.599998,52.099998,53.099998,408052,1.0
2025-10-20,1903,1903.TW,上市,54.0,55.299999,53.700001,54.0,542017,1.0
2025-10-21,1903,1903.TW,上市,54.5,54.5,53.700001,54.099998,169003,1.0
2025-10-22,1903,1903.TW,上市,54.5,56.700001,54.5,56.700001,649330,1.0
2025-10-23,1903,1903.TW,上市,61.599998,62.299999,61.299999,62.299999,2236516,1.0
2025-10-27,1903,1903.TW,上市,62.599998,62.700001,56.299999,56.900002,3519308,1.0
2025-10-28,1903,1903.TW,上市,57.299999,57.299999,54.200001,55.599998,758800,1.0
2025-10-29,1903,1903.TW,上市,55.0,55.5,54.5,55.5,664249,1.0
2025-10-30,1903,1903.TW,上市,59.5,61.0,55.700001,56.099998,3353131,1.0
2025-10-31,1903,1903.TW,上市,55.599998,55.799999,54.0,54.700001,660000,1.0
2025-11-03,1903,1903.TW,上市,55.0,55.0,53.700001,54.0,332150,1.0
2025-11-04,1903,1903.TW,上市,54.0,54.099998,52.700001,52.799999,549248,1.0
2025-11-05,1903,1903.TW,上市,52.5,53.599998,52.099998,53.5,311025,1.0
2025-11-06,1903,1903.TW,上市,54.700001,55.400002,54.0,54.900002,578500,1.0
2025-11-07,1903,1903.TW,上市,54.5,56.599998,53.900002,54.799999,785421,1.0
2025-11-10,1903,1903.TW,上市,54.799999,54.799999,53.400002,53.799999,364490,1.0
2025-11-11,1903,1903.TW,上市,53.799999,53.900002,53.200001,53.400002,182226,1.0
2025-11-12,1903,1903.TW,上市,53.700001,55.0,53.700001,54.299999,175002,1.0
2025-11-13,1903,1903.TW,上市,54.5,56.0,54.400002,55.799999,395026,1.0
2025-11-14,1903,1903.TW,上市,55.799999,57.299999,55.599998,55.799999,759028,1.0
2025-11-17,1903,1903.TW,上市,56.599998,56.599998,55.099998,55.099998,325775,1.0
2025-11-18,1903,1903.TW,上市,55.099998,55.099998,53.700001,54.299999,268001,1.0
2025-11-19,1903,1903.TW,上市,53.799999,54.700001,53.299999,53.599998,162005,1.0
2025-11-20,1903,1903.TW,上市,54.400002,54.799999,54.099998,54.099998,196080,1.0
2025-11-21,1903,1903.TW,上市,54.099998,56.0,54.0,55.599998,562306,1.0
2025-11-24,1903,1903.TW,上市,58.0,58.5,56.299999,57.700001,1227219,1.0
2025-11-25,1903,1903.TW,上市,56.5,58.799999,56.299999,57.0,894002,1.0
2025-11-26,1903,1903.TW,上市,57.5,57.700001,55.900002,56.200001,499200,1.0
2025-11-27,1903,1903.TW,上市,56.200001,56.400002,55.200001,55.799999,168488,1.0
2025-11-28,1903,1903.TW,上市,55.799999,56.700001,55.299999,56.400002,157000,1.0
2025-12-01,1903,1903.TW,上市,56.299999,56.599998,55.599998,55.799999,125001,1.0
2025-12-02,1903,1903.TW,上市,55.900002,57.099998,55.900002,56.400002,213016,1.0
2025-12-03,1903,1903.TW,上市,56.400002,56.900002,56.200001,56.5,121020,1.0
2025-12-04,1903,1903.TW,上市,56.5,56.900002,56.200001,56.900002,73000,1.0
2025-12-05,1903,1903.TW,上市,56.799999,57.200001,56.599998,56.799999,160003,1.0
2025-12-08,1903,1903.TW,上市,56.700001,56.700001,55.599998,55.799999,97046,1.0
2025-12-09,1903,1903.TW,上市,55.799999,56.0,54.700001,55.099998,275002,1.0
2025-12-10,1903,1903.TW,上市,55.099998,55.400002,54.700001,55.200001,243300,1.0
2025-12-11,1903,1903.TW,上市,55.400002,56.400002,54.799999,55.400002,182167,1.0
2025-12-12,1903,1903.TW,上市,55.5,56.299999,55.5,56.099998,141000,1.0
2025-12-15,1903,1903.TW,上市,56.0,57.0,55.599998,56.5,183000,1.0
2025-12-16,1903,1903.TW,上市,55.900002,56.099998,55.200001,55.5,172052,1.0
2025-12-17,1903,1903.TW,上市,55.700001,56.200001,55.0,55.299999,181000,1.0
2025-12-18,1903,1903.TW,上市,55.299999,56.599998,55.200001,55.599998,121301,1.0
2025-12-19,1903,1903.TW,上市,55.599998,56.0,55.200001,55.400002,73000,1.0
2025-12-22,1903,1903.TW,上市,55.700001,56.400002,55.599998,56.200001,314300,1.0
2025-12-23,1903,1903.TW,上市,56.900002,57.700001,55.5,55.5,354211,1.0
2025-12-24,1903,1903.TW,上市,55.5,55.700001,54.0,54.400002,392075,1.0
2025-12-26,1903,1903.TW,上市,54.5,55.299999,54.400002,55.0,138004,1.0
2025-12-29,1903,1903.TW,上市,54.700001,55.299999,54.5,55.0,215503,1.0
2025-12-30,1903,1903.TW,上市,54.900002,54.900002,54.0,54.299999,127007,1.0
2025-12-31,1903,1903.TW,上市,53.900002,54.200001,53.599998,53.900002,268109,1.0
2026-01-02,1903,1903.TW,上市,54.200001,54.299999,54.0,54.200001,140138,1.0
2026-01-05,1903,1903.TW,上市,54.5,54.599998,53.200001,53.299999,242206,1.0
2026-01-06,1903,1903.TW,上市,53.5,54.299999,52.5,53.799999,230010,1.0
2026-01-07,1903,1903.TW,上市,54.400002,55.400002,54.400002,55.0,462004,1.0
2026-01-08,1903,1903.TW,上市,55.5,57.099998,55.5,56.0,766045,1.0
2026-01-09,1903,1903.TW,上市,56.5,56.799999,55.299999,55.400002,202016,1.0
2026-01-12,1903,1903.TW,上市,55.799999,55.900002,55.0,55.5,139001,1.0
2026-01-13,1903,1903.TW,上市,55.5,56.0,55.099998,55.700001,145002,1.0
2026-01-14,1903,1903.TW,上市,55.700001,56.599998,55.700001,56.200001,188000,1.0
2026-01-15,1903,1903.TW,上市,55.900002,56.599998,55.900002,56.400002,171412,1.0
2026-01-16,1903,1903.TW,上市,56.5,56.599998,55.0,55.299999,224006,1.0
2026-01-19,1903,1903.TW,上市,55.299999,58.0,55.299999,57.099998,773383,1.0
2026-01-20,1903,1903.TW,上市,57.0,57.099998,56.099998,56.5,189068,1.0
2026-01-21,1903,1903.TW,上市,56.0,57.0,55.599998,56.0,327101,1.0
2026-01-22,1903,1903.TW,上市,56.700001,57.5,56.5,57.299999,429204,1.0
2026-01-23,1903,1903.TW,上市,57.5,57.5,56.400002,57.299999,162081,1.0
2026-01-26,1903,1903.TW,上市,58.5,60.200001,57.799999,59.799999,932502,1.0
2026-01-27,1903,1903.TW,上市,60.200001,60.200001,58.200001,58.5,771402,1.0
2026-01-28,1903,1903.TW,上市,58.599998,60.0,58.299999,59.400002,648014,1.0
2026-01-29,1903,1903.TW,上市,59.299999,59.299999,57.799999,58.099998,344001,1.0
2026-01-30,1903,1903.TW,上市,58.299999,58.299999,56.099998,56.900002,494050,1.0
2026-02-02,1903,1903.TW,上市,56.099998,56.099998,53.799999,54.0,727188,1.0
2026-02-03,1903,1903.TW,上市,54.799999,55.700001,54.099998,54.599998,226079,1.0
2026-02-04,1903,1903.TW,上市,54.799999,55.799999,54.599998,55.5,149000,1.0
2026-02-05,1903,1903.TW,上市,54.599998,55.400002,54.400002,54.5,211006,1.0
2026-02-06,1903,1903.TW,上市,54.299999,54.299999,53.200001,53.5,339020,1.0
2026-02-09,1903,1903.TW,上市,54.599998,54.599998,53.900002,54.200001,209012,1.0
2026-02-10,1903,1903.TW,上市,54.099998,55.200001,53.799999,55.0,185050,1.0
2026-02-11,1903,1903.TW,上市,55.5,55.599998,54.299999,55.299999,272189,1.0
2026-02-23,1903,1903.TW,上市,56.0,56.0,53.5,54.0,410001,1.0
2026-02-24,1903,1903.TW,上市,53.900002,55.299999,53.599998,54.099998,327010,1.0
2026-02-25,1903,1903.TW,上市,54.099998,54.099998,53.5,53.700001,221005,1.0
2026-02-26,1903,1903.TW,上市,54.200001,54.200001,53.5,54.0,197083,1.0
2026-03-02,1903,1903.TW,上市,54.0,54.0,53.0,53.5,150010,1.0
2026-03-03,1903,1903.TW,上市,53.5,53.700001,53.099998,53.5,169086,1.0
2026-03-04,1903,1903.TW,上市,53.299999,53.299999,51.5,51.799999,497006,1.0
2026-03-05,1903,1903.TW,上市,51.900002,53.099998,51.900002,52.299999,104001,1.0
2026-03-06,1903,1903.TW,上市,51.799999,53.0,51.799999,52.5,149036,1.0
2026-03-09,1903,1903.TW,上市,50.900002,51.599998,49.799999,50.099998,496003,1.0
2026-03-10,1903,1903.TW,上市,50.799999,51.599998,50.700001,50.799999,145003,1.0
2026-03-11,1903,1903.TW,上市,51.0,51.400002,51.0,51.200001,126043,1.0
2026-03-12,1903,1903.TW,上市,50.5,51.200001,50.400002,50.5,170154,1.0
2026-03-13,1903,1903.TW,上市,49.900002,50.200001,49.75,49.950001,188100,1.0
2026-03-16,1903,1903.TW,上市,49.849998,50.099998,49.299999,49.650002,197003,1.0
2026-03-17,1903,1903.TW,上市,49.650002,50.200001,49.650002,50.099998,125000,1.0
2026-03-18,1903,1903.TW,上市,50.099998,50.299999,49.700001,50.200001,88000,1.0
2026-03-19,1903,1903.TW,上市,49.950001,49.950001,49.400002,49.400002,170001,1.0
2026-03-20,1903,1903.TW,上市,49.200001,49.599998,49.150002,49.349998,118050,1.0
2026-03-23,1903,1903.TW,上市,49.099998,49.799999,48.25,48.650002,216103,1.0
2026-03-24,1903,1903.TW,上市,49.400002,49.5,48.5,49.099998,131081,1.0
2026-03-25,1903,1903.TW,上市,49.299999,49.799999,49.25,49.700001,62000,1.0
2026-03-26,1903,1903.TW,上市,49.700001,50.799999,49.700001,50.200001,330000,1.0
2026-03-27,1903,1903.TW,上市,49.799999,50.799999,49.599998,49.849998,211002,1.0
2026-03-30,1903,1903.TW,上市,49.849998,51.5,49.849998,50.900002,609006,1.0
2026-03-31,1903,1903.TW,上市,50.900002,51.099998,49.400002,49.450001,236200,1.0
2026-04-01,1903,1903.TW,上市,49.700001,50.400002,49.400002,50.200001,189002,1.0
2026-04-02,1903,1903.TW,上市,49.900002,50.200001,48.200001,48.450001,633392,1.0
2026-04-07,1903,1903.TW,上市,49.0,49.299999,48.75,49.049999,161032,1.0
2026-04-08,1903,1903.TW,上市,49.400002,49.950001,48.849998,49.849998,149060,1.0
2026-04-09,1903,1903.TW,上市,49.650002,50.099998,49.349998,50.0,154040,1.0
2026-04-10,1903,1903.TW,上市,49.799999,50.700001,49.799999,50.299999,77441,1.0
2026-04-13,1903,1903.TW,上市,50.299999,50.700001,49.200001,49.799999,390047,1.0
2026-04-14,1903,1903.TW,上市,50.200001,50.200001,49.299999,49.5,207062,1.0
2026-04-15,1903,1903.TW,上市,49.75,49.75,49.0,49.0,214010,1.0
2026-04-16,1903,1903.TW,上市,49.150002,49.849998,48.950001,49.450001,162050,1.0
2026-04-17,1903,1903.TW,上市,49.799999,49.799999,48.900002,49.299999,172015,1.0
2026-04-20,1903,1903.TW,上市,49.099998,49.849998,48.950001,48.950001,171532,1.0
2026-04-21,1903,1903.TW,上市,49.299999,49.900002,49.150002,49.75,160000,1.0
2026-04-22,1903,1903.TW,上市,49.700001,50.900002,49.700001,50.299999,421000,1.0
2026-04-23,1903,1903.TW,上市,50.400002,50.400002,49.099998,49.349998,382280,1.0
2026-04-24,1903,1903.TW,上市,49.450001,49.75,49.049999,49.450001,104045,1.0
2026-04-27,1903,1903.TW,上市,49.25,49.5,48.150002,49.25,140070,1.0
2026-04-28,1903,1903.TW,上市,49.299999,50.0,49.099998,49.400002,130307,1.0
2026-04-29,1903,1903.TW,上市,49.450001,49.849998,49.400002,49.849998,176002,1.0
2026-04-30,1903,1903.TW,上市,49.700001,50.099998,49.349998,49.450001,148029,1.0
2026-05-04,1903,1903.TW,上市,49.450001,49.599998,49.299999,49.450001,124011,1.0
2026-05-05,1903,1903.TW,上市,49.450001,50.200001,49.099998,49.450001,202406,1.0
2026-05-06,1903,1903.TW,上市,49.75,49.75,47.799999,49.150002,305310,1.0
2026-05-07,1903,1903.TW,上市,49.299999,49.650002,49.25,49.5,114013,1.0
2026-05-08,1903,1903.TW,上市,49.549999,49.849998,49.25,49.299999,146002,1.0
2026-05-11,1903,1903.TW,上市,49.299999,49.5,49.25,49.299999,114003,1.0
2026-05-12,1903,1903.TW,上市,49.299999,49.299999,48.299999,48.5,309173,1.0
2026-05-13,1903,1903.TW,上市,48.5,48.5,48.200001,48.299999,139020,1.0
2026-05-14,1903,1903.TW,上市,48.049999,48.299999,47.549999,47.549999,315342,1.0
2026-05-15,1903,1903.TW,上市,47.599998,49.599998,47.599998,48.099998,534001,1.0
2026-05-18,1903,1903.TW,上市,48.099998,48.150002,47.599998,47.700001,177436,1.0
2026-05-19,1903,1903.TW,上市,48.200001,48.700001,47.799999,47.900002,205000,1.0
2026-05-20,1903,1903.TW,上市,48.099998,48.299999,47.549999,47.650002,168449,1.0
2026-05-21,1903,1903.TW,上市,47.849998,48.099998,47.700001,48.049999,117008,1.0
2026-05-22,1903,1903.TW,上市,48.0,48.5,47.900002,47.950001,180241,1.0
2026-05-25,1903,1903.TW,上市,48.950001,50.5,48.549999,50.200001,601003,1.0
2026-05-26,1903,1903.TW,上市,50.599998,52.599998,49.75,49.900002,436003,1.0
2026-05-27,1903,1903.TW,上市,50.0,50.5,48.799999,49.25,422000,1.0
2026-05-28,1903,1903.TW,上市,49.25,50.0,49.0,49.0,322002,1.0
2026-05-29,1903,1903.TW,上市,49.049999,49.400002,48.849998,49.200001,196010,1.0
2026-06-01,1903,1903.TW,上市,49.200001,49.400002,48.599998,49.400002,227093,1.0
2026-06-02,1903,1903.TW,上市,49.099998,49.299999,48.5,48.950001,245843,1.0
2026-06-03,1903,1903.TW,上市,48.799999,49.950001,48.5,49.599998,256540,1.0
2026-06-04,1903,1903.TW,上市,50.0,52.799999,49.299999,50.299999,1121462,1.0
2026-06-05,1903,1903.TW,上市,50.299999,50.299999,48.799999,48.900002,304551,1.0
2026-06-08,1903,1903.TW,上市,47.5,48.049999,47.200001,47.799999,291340,1.0
2026-06-09,1903,1903.TW,上市,47.349998,48.25,47.349998,47.700001,334023,1.0
2026-06-10,1903,1903.TW,上市,47.400002,48.400002,47.400002,47.650002,229063,1.0
2026-06-11,1903,1903.TW,上市,48.150002,48.150002,47.150002,47.5,300001,1.0
2026-06-12,1903,1903.TW,上市,47.700001,48.25,47.700001,48.25,285677,1.0
2026-06-15,1903,1903.TW,上市,48.5,48.549999,47.900002,48.049999,145717,1.0
2026-06-16,1903,1903.TW,上市,48.299999,48.299999,47.700001,47.849998,194740,1.0
2026-06-17,1903,1903.TW,上市,48.0,48.25,47.849998,47.849998,148890,1.0
2026-06-18,1903,1903.TW,上市,48.0,48.5,47.849998,48.099998,134703,1.0
2026-06-22,1903,1903.TW,上市,48.0,48.049999,47.5,48.049999,234577,1.0
2026-06-23,1903,1903.TW,上市,48.0,48.0,47.349998,47.349998,189053,1.0
2026-06-24,1903,1903.TW,上市,47.349998,47.950001,47.0,47.200001,386810,1.0
2026-06-25,1903,1903.TW,上市,47.450001,47.700001,47.200001,47.299999,121447,1.0
2026-06-26,1903,1903.TW,上市,47.200001,47.200001,46.400002,46.450001,439785,1.0
2026-06-29,1903,1903.TW,上市,46.5,46.950001,46.349998,46.950001,274821,1.0
2026-06-30,1903,1903.TW,上市,46.900002,47.150002,46.549999,47.150002,162972,1.0
2026-07-01,1903,1903.TW,上市,47.0,47.799999,46.400002,47.200001,600228,1.0
2026-07-02,1903,1903.TW,上市,47.599998,47.799999,47.049999,47.599998,204082,1.0
2026-07-03,1903,1903.TW,上市,47.0,49.0,47.0,48.950001,301352,1.0
2026-07-06,1903,1903.TW,上市,50.0,51.5,49.650002,50.099998,798086,1.0
2026-07-07,1903,1903.TW,上市,50.0,50.200001,48.700001,48.849998,180470,1.0
2026-07-08,1903,1903.TW,上市,48.450001,49.400002,48.450001,49.200001,116322,1.0
2026-07-09,1903,1903.TW,上市,48.700001,49.049999,48.650002,48.950001,63332,1.0
2026-07-10,1903,1903.TW,上市,48.950001,48.950001,48.950001,48.950001,0,1.0
2026-07-13,1903,1903.TW,上市,48.799999,49.200001,48.099998,48.849998,126152,1.0
2026-07-14,1903,1903.TW,上市,49.200001,49.200001,47.599998,47.950001,189504,1.0
2026-07-15,1903,1903.TW,上市,48.099998,48.599998,48.0,48.549999,94165,1.0
2026-07-16,1903,1903.TW,上市,48.700001,48.799999,47.849998,48.549999,54380,1.0
2026-07-17,1903,1903.TW,上市,48.549999,48.950001,48.150002,48.650002,149737,1.0
2026-07-20,1903,1903.TW,上市,49.150002,49.150002,48.400002,48.650002,103020,1.0
2026-07-21,1903,1903.TW,上市,49.049999,50.099998,48.900002,49.299999,109080,1.0
2026-07-22,1903,1903.TW,上市,49.049999,49.200001,48.400002,48.400002,145826,1.0
2026-07-23,1903,1903.TW,上市,48.599998,48.700001,48.25,48.599998,91229,1.0
2026-07-24,1903,1903.TW,上市,48.299999,48.900002,48.299999,48.900002,114658,1.0
2026-07-27,1903,1903.TW,上市,48.849998,48.900002,48.400002,48.700001,78023,1.0
2026-07-28,1903,1903.TW,上市,48.200001,48.549999,47.900002,48.549999,108213,1.0
2026-07-29,1903,1903.TW,上市,48.5,48.650002,46.900002,48.0,276533,1.0
2026-07-30,1903,1903.TW,上市,48.099998,48.549999,47.400002,47.400002,161593,1.0
2026-07-31,1903,1903.TW,上市,48.0,48.549999,46.0,47.099998,774987,1.0
2026-08-03,1903,1903.TW,上市,47.099998,47.849998,46.950001,47.150002,193519,1.0
2026-08-04,1903,1903.TW,上市,47.150002,47.25,47.0,47.049999,172446,1.0
2026-08-05,1903,1903.TW,上市,47.25,47.25,46.799999,46.849998,163341,1.0
2026-08-06,1903,1903.TW,上市,46.900002,47.200001,46.849998,47.049999,135461,1.0
2026-08-07,1903,1903.TW,上市,46.900002,47.849998,46.900002,47.400002,90767,1.0
2026-08-10,1903,1903.TW,上市,47.75,47.75,46.900002,47.200001,74574,1.0
2026-08-11,1903,1903.TW,上市,47.25,47.400002,47.0,47.099998,75564,1.0
2026-08-12,1903,1903.TW,上市,47.700001,47.900002,47.299999,47.549999,76948,1.0
2026-08-13,1903,1903.TW,上市,48.049999,48.049999,47.400002,47.599998,73781,1.0
2026-08-14,1903,1903.TW,上市,47.75,47.75,46.900002,47.049999,91292,1.0
2026-08-17,1903,1903.TW,上市,47.5,47.700001,47.099998,47.650002,111705,1.0
2026-08-18,1903,1903.TW,上市,47.5,47.650002,47.25,47.400002,53131,1.0
2026-08-19,1903,1903.TW,上市,47.650002,47.799999,47.299999,47.299999,147000,1.0
2026-08-20,1903,1903.TW,上市,47.5,48.799999,47.5,48.400002,320626,1.0
2026-08-21,1903,1903.TW,上市,48.400002,49.049999,48.200001,49.049999,214257,1.0
2026-08-24,1903,1903.TW,上市,49.049999,50.0,48.549999,49.049999,162750,1.0
2026-08-25,1903,1903.TW,上市,49.0,49.099998,48.0,48.5,147178,1.0
2026-08-26,1903,1903.TW,上市,48.400002,48.799999,48.150002,48.700001,97234,1.0
2026-08-27,1903,1903.TW,上市,48.900002,48.950001,48.25,48.25,55951,1.0
2026-08-28,1903,1903.TW,上市,48.299999,48.450001,47.849998,48.0,78436,1.0
2026-08-31,1903,1903.TW,上市,48.0,48.0,47.5,47.799999,108785,1.0
2026-09-01,1903,1903.TW,上市,47.599998,48.049999,47.599998,47.950001,73142,1.0
2026-09-02,1903,1903.TW,上市,47.599998,47.950001,47.549999,47.599998,83598,1.0
2026-09-03,1903,1903.TW,上市,47.450001,47.900002,47.450001,47.599998,57462,1.0
2026-09-04,1903,1903.TW,上市,47.5,47.700001,47.400002,47.650002,55112,1.0
2026-09-07,1903,1903.TW,上市,47.650002,47.700001,47.25,47.599998,59153,1.0
2026-09-08,1903,1903.TW,上市,47.599998,47.950001,47.5,47.849998,91000,1.0
2026-09-09,1903,1903.TW,上市,47.75,47.950001,47.75,47.849998,14461,1.0
2026-09-10,1903,1903.TW,上市,47.400002,47.599998,47.400002,47.5,23280,1.0
2026-09-11,1903,1903.TW,上市,47.200001,47.5,47.200001,47.400002,37276,1.0
2026-09-14,1903,1903.TW,上市,47.0,47.5,46.75,47.5,76855,1.0
2026-09-15,1903,1903.TW,上市,47.349998,47.349998,47.049999,47.200001,47531,1.0
2026-09-16,1903,1903.TW,上市,47.299999,47.299999,46.950001,46.950001,105859,1.0
2026-09-17,1903,1903.TW,上市,47.0,47.650002,47.0,47.150002,102239,1.0
2026-09-18,1903,1903.TW,上市,47.299999,47.75,46.150002,46.150002,156742,1.0
2026-09-21,1903,1903.TW,上市,46.799999,47.349998,46.549999,47.099998,50893,1.0
2026-09-22,1903,1903.TW,上市,47.349998,47.400002,46.799999,47.150002,68450,1.0
2026-09-23,1903,1903.TW,上市,47.299999,47.700001,47.200001,47.5,78606,1.0
2026-09-24,1903,1903.TW,上市,47.200001,47.700001,47.099998,47.099998,39413,1.0
2026-09-29,1903,1903.TW,上市,47.299999,47.5,47.0,47.0,61723,1.0
2026-09-30,1903,1903.TW,上市,47.0,47.799999,47.0,47.799999,78361,1.0
2026-10-01,1903,1903.TW,上市,47.700001,47.799999,47.25,47.650002,24918,1.0
2026-10-02,1903,1903.TW,上市,47.150002,47.650002,47.150002,47.349998,48673,1.0
2026-10-05,1903,1903.TW,上市,47.299999,47.599998,47.049999,47.049999,141793,1.0
2026-10-06,1903,1903.TW,上市,47.099998,47.400002,46.799999,47.400002,48000,1.0
2026-10-07,1903,1903.TW,上市,47.400002,47.400002,47.099998,47.25,14632,1.0
2026-10-08,1903,1903.TW,上市,47.25,47.5,47.0,47.450001,39928,1.0
